1.000000000000000000e+00 0.000000000000000000e+00 0.000000000000000000e+00 0.000000000000000000e+00 0.000000000000000000e+00 1.000000000000000000e+00 0.000000000000000000e+00 0.000000000000000000e+00 0.000000000000000000e+00 0.000000000000000000e+00 1.000000000000000000e+00 0.000000000000000000e+00
9.999997957782729152e-01 -4.328693700038032635e-04 4.701781798332832713e-04 -1.535554193459854298e-02 4.326448836351230666e-04 9.999997924316534892e-01 4.774463890809686382e-04 -1.197337591504226730e-02 -4.703847541568279846e-04 -4.772428713921407452e-04 9.999997754886873480e-01 2.750994304881900110e+00
9.999995160708678998e-01 -9.178198198484357247e-04 3.542101184565613309e-04 -2.417012830934862910e-02 9.185290621775745725e-04 9.999975633624742510e-01 -2.007379753804114722e-03 -1.530994129204871906e-02 -3.523668424508907392e-04 2.007704134662493742e-03 9.999979224787001186e-01 5.418088292021372432e+00
9.999978885762669245e-01 -2.050824937749064301e-03 1.302308818006057381e-04 -3.217450302771577425e-02 2.050938065965772321e-03 9.999975143915053044e-01 -8.745649550435125735e-04 -3.363639244001950107e-02 -1.284369784781348083e-04 8.748302039391598825e-04 9.999996090879522681e-01 8.106101154894270522e+00
9.999999783815012311e-01 -7.286243899644944343e-05 -1.947512824823072186e-04 -6.180085083860675788e-02 7.228727229104432044e-05 9.999956410612422797e-01 -2.951716968998220267e-03 -6.160128292713865084e-02 1.949655028709826625e-04 2.951702827147546261e-03 9.999956247098651385e-01 1.076709870836884875e+01
9.999749102053837602e-01 7.061652431220689224e-03 5.585916894109087781e-04 -1.004256020588891463e-01 -7.057794982873527405e-03 9.999531145119705533e-01 -6.629955338400593014e-03 -1.005733692719386063e-01 -6.053839398012426064e-04 6.625846568559841041e-03 9.999778655888019729e-01 1.346008562021783028e+01
9.999395545797277185e-01 9.786890157147903543e-03 5.010386007869166609e-03 -2.270599013346225881e-01 -9.764278823148031874e-03 9.999421232316041408e-01 -4.517637229247771502e-03 -1.806865142521869583e-01 -5.054309642251108951e-03 4.468441352774380967e-03 9.999772432340237049e-01 1.611011193411943410e+01
9.999417289440859502e-01 2.601990275535254974e-03 1.047703979749475302e-02 -3.290026827148208044e-01 -2.613708950786052931e-03 9.999959737718019381e-01 1.104973169976236624e-03 -2.475211099020066252e-01 -1.047412248509868755e-02 -1.132292714719316737e-03 9.999445037957737092e-01 1.878481574260214160e+01
9.999123048677410752e-01 -1.742105287119585463e-04 1.324206270840385703e-02 -3.579213040507072674e-01 2.291105475649844367e-04 9.999913853712051326e-01 -4.144477257116393858e-03 -2.763922832814280639e-01 -1.324122662137495673e-02 4.147147702873203549e-03 9.999037309078773195e-01 2.152530528561490897e+01
9.998499600330024162e-01 6.607124407642551468e-03 1.601259907277769248e-02 -3.589286478119018131e-01 -6.511102526488724528e-03 9.999605528657331543e-01 -6.041378679295707384e-03 -2.906066223326604359e-01 -1.605188356215990139e-02 5.936212556759636397e-03 9.998535384818062477e-01 2.433802563741371117e+01
9.998578849437329552e-01 6.014392365045336322e-03 1.574919046568464334e-02 -2.882496975635069347e-01 -5.989706337462599554e-03 9.999807587863305258e-01 -1.614148414974530578e-03 -3.278980607245824963e-01 -1.575859555404884871e-02 1.519585994239499270e-03 9.998746709085949425e-01 2.714180312020822683e+01
9.998575201736589202e-01 2.742090395930537033e-03 1.665593865387924449e-02 -2.859943785428529228e-01 -2.641318957534146295e-03 9.999780940715251587e-01 -6.069168908900744383e-03 -3.715547623053366832e-01 -1.667221599985478989e-02 6.024310528246559944e-03 9.998428601016834394e-01 2.987691187778864688e+01
9.998200046651358752e-01 6.308764490034284543e-03 1.789295285907242794e-02 -2.499075571048919586e-01 -6.136366804356835347e-03 9.999343816402150864e-01 -9.673542073262497015e-03 -4.260645314045566345e-01 -1.795280685157876061e-02 9.562003158861374918e-03 9.997931110093430940e-01 3.268060771926119656e+01
9.998023635068518100e-01 8.315206390322163812e-03 1.805799736403004493e-02 -2.051837983212509708e-01 -8.095331492034054874e-03 9.998926215457953903e-01 -1.221519489452673780e-02 -4.722268608816589941e-01 -1.815763019083307256e-02 1.206659525150057498e-02 9.997623206267026719e-01 3.550682962365454642e+01
9.997948810721190016e-01 9.454345794822092974e-03 1.791120117633695358e-02 -1.721270670147528603e-01 -9.270025325949218450e-03 9.999035085847708393e-01 -1.034602098982439003e-02 -5.227817609160377854e-01 -1.800728775922529057e-02 1.017786153656832261e-02 9.997860514740637417e-01 3.836304780922372260e+01
9.997222062814568044e-01 1.466483712630125592e-02 1.845136362969567595e-02 -1.450350278886973210e-01 -1.445524942229642340e-02 9.998300546147069756e-01 -1.144148824636814082e-02 -5.677712394081015912e-01 -1.861601546720993011e-02 1.117159080935378745e-02 9.997642919843223730e-01 4.124842114102479940e+01
9.996782830665070785e-01 1.805311425176795576e-02 1.781615646015941024e-02 -1.050118625499710800e-01 -1.782886226872516452e-02 9.997608160748138184e-01 -1.266658247617089006e-02 -6.080715627722642624e-01 -1.804056638254729686e-02 1.234486562241259716e-02 9.997610425783561849e-01 4.415413956823255859e+01
9.997148143427266875e-01 1.699169177456150495e-02 1.678011902000869221e-02 -6.310800377441178055e-02 -1.675810649554444406e-02 9.997620548326615619e-01 -1.396422512918885431e-02 -6.766228436614367681e-01 -1.701340208104628465e-02 1.367903971092187393e-02 9.997616856142346187e-01 4.703250280728519783e+01
9.997581325476999625e-01 1.682312191500236198e-02 1.416541470512897374e-02 -1.252866491485881556e-02 -1.663876719781069019e-02 9.997766182152357795e-01 -1.303323046078496902e-02 -7.503178778579692176e-01 -1.438151003449832793e-02 1.279438310899911127e-02 9.998147208008030251e-01 4.993535061194690172e+01
9.997691883730316365e-01 1.815902756201693766e-02 1.148127597140663134e-02 2.709590471992668476e-02 -1.800638734407181835e-02 9.997499244012821862e-01 -1.326117168451514464e-02 -8.313978066994958116e-01 -1.171921476656779225e-02 1.305137454955781519e-02 9.998461489787426881e-01 5.281879380909691690e+01
9.998270458576455910e-01 1.605464350010479130e-02 9.387587211754085809e-03 5.597198156274148240e-02 -1.595878610155881255e-02 9.998206392473513171e-01 -1.019835678838009949e-02 -9.390728471351326156e-01 -9.549634429570554028e-03 1.004677844400624423e-02 9.999039287477363702e-01 5.575405889346843935e+01
9.998827299833639159e-01 1.215383882276282849e-02 9.317214330787445056e-03 6.984025391513465353e-02 -1.206123423016498136e-02 9.998779368516976795e-01 -9.931667837695494494e-03 -1.034150458381090321e+00 -9.436784932413396637e-03 9.818126046426681880e-03 9.999072714462453604e-01 5.866544442417388439e+01
9.999225250287715472e-01 7.682761777025265935e-03 9.793830280513523764e-03 8.502661571615685587e-02 -7.608741715015570652e-03 9.999423781096539177e-01 -7.572813870998335375e-03 -1.115550874901546363e+00 -9.851446066451670369e-03 7.497708442456448713e-03 9.999233637526985241e-01 6.156523273146785868e+01
9.999488438115677891e-01 4.371495550162963345e-03 9.121391701054429313e-03 1.230282451049121012e-01 -4.293167892912190878e-03 9.999538958521263510e-01 -8.589230442777390923e-03 -1.154376385852309062e+00 -9.158518949722563654e-03 8.549631384496741981e-03 9.999215095865456870e-01 6.454403443926709372e+01
9.999642506302360845e-01 1.998007422908973894e-03 8.216168684292365215e-03 1.523877196772335518e-01 -1.908998351136811109e-03 9.999395639306241090e-01 -1.082701304744780428e-02 -1.192658629390448644e+00 -8.237304583788497558e-03 1.081094133608396721e-02 9.999076309142865826e-01 6.752095901117431254e+01
9.999314099706910763e-01 6.073711103660644171e-03 1.001425920652164632e-02 1.503776299854314435e-01 -5.976887847590121525e-03 9.999353791293951188e-01 -9.670283191868429135e-03 -1.263821020674935625e+00 -1.007234658277125945e-02 9.609765802706806553e-03 9.999030954225180956e-01 7.041567244060357211e+01
9.998561261354259599e-01 1.303831362472314750e-02 1.085031830330144935e-02 1.682917021575086047e-01 -1.294838932091910144e-02 9.998815755180622267e-01 -8.317100066257738025e-03 -1.327262817794717664e+00 -1.095747431908960200e-02 8.175409307282123159e-03 9.999065438525766014e-01 7.331067252878308693e+01
9.997559748110949052e-01 1.811252723773567816e-02 1.264623211001247860e-02 1.345795930534096907e-01 -1.799020635185979988e-02 9.997909132697035961e-01 -9.720196435780191838e-03 -1.353874142465822716e+00 -1.281964527338924284e-02 9.490316137776122485e-03 9.998727872057870947e-01 7.616547821229181636e+01
9.997325696225095593e-01 1.951891353039147611e-02 1.240166321780139524e-02 1.726746449086304092e-01 -1.940068206522838415e-02 9.997658589508179316e-01 -9.583361192059925565e-03 -1.418901893531700376e+00 -1.258581627780230860e-02 9.340197584990106439e-03 9.998771714254180987e-01 7.906571907998861093e+01
9.998031207488335959e-01 1.672251080940759249e-02 1.068070096591794763e-02 2.350011273152996794e-01 -1.659983502693354943e-02 9.997963878360273116e-01 -1.147293977630380740e-02 -1.477897421571610082e+00 -1.087038260470646507e-02 1.129338311850572318e-02 9.998771395925430960e-01 8.192640046715609969e+01
9.998638695446205871e-01 1.392249028583011049e-02 8.854752593935151517e-03 2.712246385392393377e-01 -1.381374555388211606e-02 9.998298410165528116e-01 -1.222576977484483504e-02 -1.514418815470695234e+00 -9.023459039162176273e-03 1.210178817596282465e-02 9.998860554632774678e-01 8.481639129192630833e+01
9.998979110646338819e-01 1.218323555610829195e-02 7.465669425234892735e-03 2.793655983689004030e-01 -1.207647382240036905e-02 9.998264947811773551e-01 -1.418235218859575236e-02 -1.533503599691039554e+00 -7.637161030080972385e-03 1.409074536597928681e-02 9.998715540840391602e-01 8.763495136010368469e+01
9.999515860263703537e-01 7.775008530465361660e-03 6.031156248897395072e-03 2.452077633208258334e-01 -7.679966492650412528e-03 9.998484309157885663e-01 -1.562476591528282922e-02 -1.521914331404383702e+00 -6.151724800345877153e-03 1.557769038037436736e-02 9.998597360852139460e-01 9.048684480010849995e+01
9.999841730205971668e-01 3.523974889881991042e-03 4.385807712241324326e-03 2.354820662659938280e-01 -3.449372189578342636e-03 9.998511858026113419e-01 -1.690290154410786783e-02 -1.560997592375233722e+00 -4.444720442394326128e-03 1.688750573908184144e-02 9.998475166794690283e-01 9.326485667661100365e+01
9.999825394331115502e-01 1.262344705424560658e-03 5.772981443827639517e-03 1.839253580148329514e-01 -1.156291504958552882e-03 9.998311908604955445e-01 -1.833719641709378664e-02 -1.643741528530975549e+00 -5.795154774607194637e-03 1.833020098984742066e-02 9.998151928795691035e-01 9.609814397000639019e+01
9.999628095237589331e-01 2.429143716475669953e-03 8.275193662725825738e-03 1.241122067402876394e-01 -2.255189381210844467e-03 9.997776448396470395e-01 -2.096604396980261686e-02 -1.719211589600311729e+00 -8.324283164680611191e-03 2.094660210376685441e-02 9.997459408120147328e-01 9.888764312062124873e+01
9.999431925601932614e-01 4.996979263723074112e-03 9.414980125645643072e-03 1.092732742685996461e-01 -4.777036371009037857e-03 9.997184930438849371e-01 -2.324036552151954524e-02 -1.788531707264010118e+00 -9.528461367840981855e-03 2.319406959336156940e-02 9.996855723474553646e-01 1.017092074033986506e+02
9.999334186215601550e-01 6.777196122799735746e-03 9.339589740066937124e-03 1.272981565013228955e-01 -6.573170753379532945e-03 9.997428005184543220e-01 -2.170544258393983586e-02 -1.868851751801826611e+00 -9.484289643751484325e-03 2.164260668752498312e-02 9.997207839320548795e-01 1.044484406958306124e+02
9.999421521111345745e-01 5.991566798506384531e-03 8.932724033090410146e-03 1.546261517413270725e-01 -5.750982931614002057e-03 9.996264264663314858e-01 -2.671953789780103644e-02 -1.952009140169826518e+00 -9.089478899947994392e-03 2.666662028549508096e-02 9.996030575862983047e-01 1.071755973756751956e+02
9.999612314469499275e-01 2.941219827986803377e-03 8.299688489468956196e-03 1.805220336062130226e-01 -2.706873586282156768e-03 9.996012584054293493e-01 -2.810688580525459723e-02 -2.035197623448560478e+00 -8.379047588279614836e-03 2.808332993441468514e-02 9.995704668212782584e-01 1.098769212574272132e+02
9.999543134347532725e-01 -1.768465608848189194e-03 9.393805012933449314e-03 2.070164190790928505e-01 2.010871178340970043e-03 9.996635935868927181e-01 -2.585838459849181328e-02 -2.138782115518109705e+00 -9.344915212820832651e-03 2.587609294947215005e-02 9.996214785474227815e-01 1.125832938428098089e+02
9.999349528335004234e-01 -4.291275058768218909e-04 1.139762920299324314e-02 2.099037726795193459e-01 7.673354354196256595e-04 9.995589862235197964e-01 -2.968575847335732168e-02 -2.259820300728640596e+00 -1.137986371600179653e-02 2.969257330365046924e-02 9.994942970284587114e-01 1.152762220619737832e+02
9.998640397351781228e-01 4.829098587748712965e-03 1.576647872164139291e-02 1.910407374791639190e-01 -4.333619499037562502e-03 9.995003134649310672e-01 -3.131043157705642316e-02 -2.396529212310513746e+00 -1.590980158542932080e-02 3.123784868286824321e-02 9.993853486134258723e-01 1.179658033471907146e+02
9.997948423926823480e-01 6.001524265699994393e-03 1.934566699495191694e-02 2.009826078843040265e-01 -5.476178272909986225e-03 9.996178559534319996e-01 -2.709526767880598985e-02 -2.525200342906579021e+00 -1.950088706994292445e-02 2.698376855724665679e-02 9.994456421626612963e-01 1.207028779442466657e+02
9.997626321949081296e-01 5.645144511780059680e-03 2.104308936801095944e-02 2.459265388245776285e-01 -5.068940335516799317e-03 9.996134609140560068e-01 -2.733559224339418559e-02 -2.643199761106440615e+00 -2.118926876001028803e-02 2.722243748938107596e-02 9.994047997616146706e-01 1.234221296685974494e+02
9.996877795689036450e-01 9.809215110508572380e-03 2.298091990132158230e-02 2.897654940888823027e-01 -9.133872113181704805e-03 9.995286366504575470e-01 -2.931001357722100645e-02 -2.745255489232008905e+00 -2.325759576601223871e-02 2.909095760872453321e-02 9.993061595049798074e-01 1.262008084599637812e+02
9.996210445776984033e-01 1.224921577315197900e-02 2.465205773021317617e-02 3.344780783770002208e-01 -1.144984158681137086e-02 9.994123015160002454e-01 -3.231025698021830483e-02 -2.855599379457509190e+00 -2.503334506269435863e-02 3.201575067733981872e-02 9.991738203853913758e-01 1.289706642003492334e+02
9.995736455375101581e-01 1.092692012943112870e-02 2.707636540115419821e-02 3.754041707755179091e-01 -1.004312043716026198e-02 9.994191678977536464e-01 -3.256474428651114777e-02 -2.965029066340312269e+00 -2.741647093877112862e-02 3.227892896374039838e-02 9.991028014504900190e-01 1.317559418679628322e+02
9.995551117252107209e-01 9.007963450768211727e-03 2.843299524269230980e-02 4.343391778198639197e-01 -8.095366371476404865e-03 9.994534840513623619e-01 -3.204993386738703987e-02 -3.088695323585835428e+00 -2.870616079020162081e-02 3.180549971407362064e-02 9.990817616795060196e-01 1.345087369823376378e+02
9.995735833494708844e-01 5.493601275475270065e-03 2.867876941091155804e-02 4.942079650660071710e-01 -4.588405572176367311e-03 9.994921411455642835e-01 -3.153420876698043857e-02 -3.218492404325714151e+00 -2.883744101343531374e-02 3.138917222993273942e-02 9.990911479252112537e-01 1.372584638732560336e+02
9.996258724442305121e-01 3.180125343105458333e-03 2.716619117419896007e-02 5.589622970292683624e-01 -2.307695493355307360e-03 9.994824559649343465e-01 -3.208574075523364794e-02 -3.354341537944085516e+00 -2.725416815132934364e-02 3.201104529852549785e-02 9.991158607975729744e-01 1.399761935997997853e+02
9.996767801383907859e-01 6.458951730084957219e-04 2.541491828758928387e-02 6.193709254337691483e-01 1.597144005060692094e-04 9.994979389918875468e-01 -3.168350426134027009e-02 -3.477331962101630314e+00 -2.542262267055912447e-02 3.167732265191582075e-02 9.991747782476083639e-01 1.427170156533542809e+02
9.997176009898752769e-01 3.435943658474916959e-04 2.376131759730508095e-02 6.578061680389248878e-01 4.441199169366033951e-04 9.994506903590602009e-01 -3.313789821784782208e-02 -3.599121448760884245e+00 -2.375965127159113816e-02 3.313909298259109376e-02 9.991682938763338795e-01 1.454377691956394756e+02
9.997429753801735375e-01 -1.749017002358918896e-03 2.260363062701956083e-02 6.975473572152608437e-01 2.577613183178607565e-03 9.993237131856892441e-01 -3.668067849758778476e-02 -3.729652049840543437e+00 -2.252418895932062001e-02 3.672951407643386401e-02 9.990713706775077307e-01 1.481817188650390733e+02
9.996759848932251780e-01 -1.461876215025073242e-02 2.083787467459277676e-02 7.570626855125542898e-01 1.534901506833192403e-02 9.992579506846251958e-01 -3.532641688586962703e-02 -3.865133311375912317e+00 -2.030598345788150669e-02 3.563481144550270652e-02 9.991585596135640346e-01 1.509174157776859317e+02
9.995346566845920711e-01 -2.432581200947204342e-02 1.840448196755426272e-02 8.129727573566494225e-01 2.500405251189639563e-02 9.989812700486851993e-01 -3.756620089784681871e-02 -4.000966809107373123e+00 -1.747190442958440615e-02 3.800890635094469894e-02 9.991246446733305087e-01 1.536212013368303246e+02
9.995914215914760703e-01 -1.960622676805284098e-02 2.079869593631356040e-02 8.277477386258842440e-01 2.050190800958207049e-02 9.988315529283301464e-01 -4.376300541263332400e-02 -4.140500667628436382e+00 -1.991636635278061854e-02 4.417153774433517366e-02 9.988254169796656479e-01 1.563380353375360130e+02
9.994719966715710502e-01 -2.227599530795246197e-02 2.365391938733783436e-02 8.554807252509702975e-01 2.321978807675809109e-02 9.989135523978300846e-01 -4.040490412830227696e-02 -4.300934744922408903e+00 -2.272816118855721865e-02 4.093280919979638832e-02 9.989033666076017060e-01 1.590824620091507597e+02
9.992199575897153796e-01 -3.162014311899990354e-02 2.365677288940736325e-02 9.298772686321078451e-01 3.246323919850253176e-02 9.988190798532283754e-01 -3.614669863058615762e-02 -4.456557375822794320e+00 -2.248587234571617841e-02 3.688647814963601224e-02 9.990664508803051014e-01 1.617942361194786542e+02
9.991949549863026192e-01 -3.190149784816183332e-02 2.432563185128382155e-02 9.956630334162231977e-01 3.274251958512375965e-02 9.988509143273317514e-01 -3.499683355205828600e-02 -4.611182738349760335e+00 -2.318122820599145470e-02 3.576514200302317176e-02 9.990913297974144403e-01 1.645198572750063590e+02
9.993275852904700551e-01 -2.564760855147243945e-02 2.620262301961960930e-02 1.041279962770064849e+00 2.658943078911061783e-02 9.989889173519178600e-01 -3.625114037314274007e-02 -4.784133095013716641e+00 -2.524637494431540216e-02 3.692347740439193976e-02 9.989991378217194518e-01 1.672462188151522469e+02
9.993922428261756696e-01 -2.225447923384329951e-02 2.683063795171939867e-02 1.098308626583428538e+00 2.315949448298126184e-02 9.991566698448175465e-01 -3.390555883488730743e-02 -4.955290604701278134e+00 -2.605346031064909376e-02 3.450633649989059970e-02 9.990648276999837263e-01 1.700249724582298256e+02
9.994643350382118596e-01 -1.953909733784942732e-02 2.625388850906751337e-02 1.149890958093107596e+00 2.048432666160448362e-02 9.991335021883526180e-01 -3.623033488745586866e-02 -5.101264551210359599e+00 -2.552323153217830182e-02 3.674872079485989873e-02 9.989985466316237961e-01 1.728224153049997653e+02
9.996226614044064762e-01 -1.242063878132133176e-02 2.450025589733837578e-02 1.201689274598398027e+00 1.337703952200464466e-02 9.991392195709918322e-01 -3.926671273095363318e-02 -5.253462293599119093e+00 -2.399144890159518595e-02 3.957963677615609216e-02 9.989283571569435027e-01 1.756669915464936196e+02
9.996715803019479152e-01 -5.688917438391773336e-03 2.498735190020968944e-02 1.250365000384520808e+00 6.585084032697860641e-03 9.993326058149502034e-01 -3.593020488923899525e-02 -5.403889425181636064e+00 -2.476627151769233981e-02 3.608294851421580546e-02 9.990418673016824291e-01 1.784934602874520237e+02
9.996835310821250431e-01 -8.797010950430077594e-03 2.356799273404235756e-02 1.314068346108920426e+00 9.562314180725331111e-03 9.994240804545032608e-01 -3.255870935983613129e-02 -5.542408820374863154e+00 -2.326800014360837568e-02 3.277377009144957776e-02 9.991919135798237317e-01 1.813379182398592206e+02
9.997162229373325326e-01 -1.084421339391999917e-02 2.121029541946057098e-02 1.349112391152106571e+00 1.163552063221473185e-02 9.992271134472761052e-01 -3.754717581177430263e-02 -5.667341725766082305e+00 -2.078673268050968553e-02 3.778331361447948011e-02 9.990697337807701306e-01 1.841849630872648333e+02
9.997940787766385062e-01 -4.487344337951781892e-03 1.979049731475646806e-02 1.367915024576713767e+00 5.315051274607220100e-03 9.991046853747026502e-01 -4.197115547924721440e-02 -5.829549134327725035e+00 -1.958443956617159087e-02 4.206770023554293886e-02 9.989227989808678876e-01 1.870097717888897364e+02
9.997967886260040737e-01 1.164632307389586196e-04 2.015856863582815572e-02 1.388840112095715229e+00 6.441358214793310635e-04 9.992881324051086089e-01 -3.772020046808153421e-02 -5.974523054808182465e+00 -2.014861142046757078e-02 3.772552015048508817e-02 9.990849906725665086e-01 1.899225357199254631e+02
9.997784165569238990e-01 -7.629977325616180150e-05 2.105022482718584345e-02 1.405073783419766853e+00 8.043772258368421741e-04 9.994015630601703615e-01 -3.458133499686678880e-02 -6.117552633322532962e+00 -2.103498904703840142e-02 3.459060466704172443e-02 9.991801735946121976e-01 1.928503202486514851e+02
9.997178042355834293e-01 -5.213817855541313072e-03 2.317602204333718552e-02 1.425051837436102975e+00 5.950689734450259616e-03 9.994752586968731478e-01 -3.184017186670158595e-02 -6.278742555131640479e+00 -2.299785177072678072e-02 3.196910002152116709e-02 9.992242368246206929e-01 1.957754484438940210e+02
9.996378644979813100e-01 -1.144667016866986187e-02 2.435392378993024576e-02 1.471191066512093304e+00 1.218043114396706594e-02 9.994697432936424653e-01 -3.019717433280999161e-02 -6.418193706305670432e+00 -2.399535286390104202e-02 3.048288015573208734e-02 9.992472251942199346e-01 1.986743704952241956e+02
9.995032061629047782e-01 -1.873860387851905215e-02 2.534177568282238932e-02 1.535501546378339910e+00 1.945472524808286238e-02 9.994097527865007935e-01 -2.831359568732642190e-02 -6.557099980267784289e+00 -2.479626051637915871e-02 2.879254695069079564e-02 9.992778065705731905e-01 2.015535679431358744e+02
9.996078532352995483e-01 -1.071960483868537699e-02 2.586947665529688162e-02 1.595454828661767133e+00 1.166460114364214172e-02 9.992597417881738942e-01 -3.665931698204479700e-02 -6.704143919105993277e+00 -2.545735317106356463e-02 3.694669827647295568e-02 9.989929252281973815e-01 2.044537205550364263e+02
9.995702325282177503e-01 5.029701272716691381e-03 2.887996448391567245e-02 1.617814715736326292e+00 -4.119912078010928326e-03 9.994960177941260016e-01 -3.147597080555461502e-02 -6.866804517055793866e+00 -2.902372422613022987e-02 3.134346054266980847e-02 9.990871888445249649e-01 2.073726975638903411e+02
9.995051258377669612e-01 3.099225792467156290e-03 3.130332607754850172e-02 1.651718725838942081e+00 -2.262478867510312342e-03 9.996401180252687535e-01 -2.673042505833845076e-02 -7.028286844040247949e+00 -3.137490419752850257e-02 2.664637374789833105e-02 9.991524338921878856e-01 2.103219464187405094e+02
9.995253335236453651e-01 -2.887002212843067881e-03 3.067202084422632896e-02 1.716746411046830234e+00 3.675521935588834440e-03 9.996633825632347259e-01 -2.568291456847198936e-02 -7.176434354608367094e+00 -3.058754947599793411e-02 2.578345943533304901e-02 9.991994871078543339e-01 2.132689435248026086e+02
9.995543457517245267e-01 -1.795579869495367038e-03 2.979741233352648996e-02 1.799832570853787006e+00 2.557663542130227813e-03 9.996700914185898679e-01 -2.555712582338442312e-02 -7.299935002678732410e+00 -2.974169205084325335e-02 2.562194793686281211e-02 9.992291766846445045e-01 2.162295285424686995e+02
9.995496385975408682e-01 -1.754430158790703425e-03 2.995733556816182128e-02 1.863997311435511728e+00 2.494561753046335966e-03 9.996921241713787598e-01 -2.468671771166735737e-02 -7.427482370583340376e+00 -2.990480130657563115e-02 2.475033019038813675e-02 9.992462779586821497e-01 2.191943161738091703e+02
9.995652039660843924e-01 -3.796639077528335404e-03 2.924018727633221487e-02 1.945870983361952744e+00 4.533313879571599335e-03 9.996729324377309212e-01 -2.516897329284636595e-02 -7.555013828402287857e+00 -2.913506625201460823e-02 2.529058486990199209e-02 9.992554899681199698e-01 2.221892344377488087e+02
9.996031765310817718e-01 -2.980461373657282854e-03 2.801082503195625323e-02 2.030644809613859181e+00 3.689065992227444357e-03 9.996736030483251989e-01 -2.527999526272960845e-02 -7.683405050391096225e+00 -2.792633633464515833e-02 2.537329734935485706e-02 9.992879042200720763e-01 2.252095486020301962e+02
9.996482576911540630e-01 -2.076478725996999588e-03 2.643953727167988599e-02 2.117975121457958743e+00 2.750701899308575019e-03 9.996712981725824898e-01 -2.548978715101290343e-02 -7.811953325849117391e+00 -2.637791754671338015e-02 2.555354859981847498e-02 9.993253832560514693e-01 2.282354089340065002e+02
9.996867996520266697e-01 -2.196968958230915720e-03 2.492941894399443997e-02 2.200187479675291602e+00 2.824317075424975960e-03 9.996795044999287061e-01 -2.515773272442212855e-02 -7.949339266767910139e+00 -2.486615841954851677e-02 2.522026189738257873e-02 9.993726094682001682e-01 2.312572650073678915e+02
9.997066019860786357e-01 -5.124851864728802164e-03 2.367373732245822357e-02 2.290226417751632493e+00 5.706588567552927684e-03 9.996817937960084111e-01 -2.457124334898345974e-02 -8.087330100327685400e+00 -2.354028021007485358e-02 2.469913047374089690e-02 9.994177345642163424e-01 2.343046094172605933e+02
9.996711662776901486e-01 -7.666153283709462377e-03 2.447017382107275971e-02 2.339501707388952134e+00 8.249133475278079553e-03 9.996824017150692798e-01 -2.381275914498123120e-02 -8.200996212287746445e+00 -2.427984987412179843e-02 2.400678643676641341e-02 9.994169115514645041e-01 2.373294672489244874e+02
9.996218858600469659e-01 -7.269616453708150489e-03 2.651863469749590058e-02 2.340909902237619189e+00 7.916370101015552524e-03 9.996717667297726484e-01 -2.436575235443844134e-02 -8.313368745399122517e+00 -2.633280072508442302e-02 2.456647064578166076e-02 9.993513256737996953e-01 2.403979140008113973e+02
9.995802844951763300e-01 -5.391527903188690629e-03 2.846377127879606492e-02 2.364374816344451347e+00 6.124348464456925989e-03 9.996503835296437490e-01 -2.572164584393975967e-02 -8.407898558099036634e+00 -2.831514090426505426e-02 2.588517212429343808e-02 9.992638343599078432e-01 2.435088115822456700e+02
9.995286105696398193e-01 -4.930285861280838712e-03 3.030262256062071780e-02 2.416396687886702033e+00 5.670250428882787734e-03 9.996866355947164884e-01 -2.438193744125688456e-02 -8.511466239492774477e+00 -3.017291687588626384e-02 2.454226751222602157e-02 9.992433498365436151e-01 2.466225774944475688e+02
9.995988015138465022e-01 -3.437665310565515484e-03 2.811438189422986456e-02 2.590243521963810913e+00 4.233065136073606641e-03 9.995910449076407245e-01 -2.828116157451334919e-02 -8.630983516209756345e+00 -2.800566320649854057e-02 2.838882522512172282e-02 9.992045623548260203e-01 2.497222527779684640e+02
9.996268876899738753e-01 -2.018212115605249896e-03 2.723990137854825216e-02 2.689201956073592914e+00 2.771938093142791056e-03 9.996135294114819603e-01 -2.766058887165407862e-02 -8.755632551771581618e+00 -2.717354902224582147e-02 2.772577568572814899e-02 9.992461556574326886e-01 2.528093941665399313e+02
9.996694144682272132e-01 -5.204828383719293421e-04 2.570585292043502806e-02 2.784840395113706180e+00 1.243358016312801333e-03 9.996039764546235107e-01 -2.811306310145141388e-02 -8.879553859843586139e+00 -2.568104043054624322e-02 2.813573090783104413e-02 9.992741689890140000e-01 2.559147213230501734e+02
9.996994841620211458e-01 3.760187195184810927e-03 2.422400376581554035e-02 2.895070269228666060e+00 -3.053337181393802908e-03 9.995703581290267259e-01 -2.915092248736606689e-02 -9.006200750175628045e+00 -2.432320904498001812e-02 2.906819812208654222e-02 9.992814525246063173e-01 2.590563333543061049e+02
9.996846550322932012e-01 4.246408061895533097e-03 2.474991942486332724e-02 2.944643588765170072e+00 -3.493561875760963376e-03 9.995322434585948157e-01 -3.038238489728679187e-02 -9.127208830190452815e+00 -2.486735849232061396e-02 3.028633859017164712e-02 9.992318810848729305e-01 2.621763415667023196e+02
9.996983649254721493e-01 1.468489471745604074e-03 2.451576439781701783e-02 3.016295774014156272e+00 -7.214162255790084952e-04 9.995359012790577813e-01 -3.045425443003875465e-02 -9.258142788610632223e+00 -2.454910841491750664e-02 3.042738228851500984e-02 9.992354655851136691e-01 2.653011790150727052e+02
9.997294267443209703e-01 -1.318317246369271286e-05 2.326097864828237383e-02 3.095954268462267400e+00 7.812512965010519599e-04 9.994546890963660335e-01 -3.301081776776174787e-02 -9.399237289819170726e+00 -2.324785899569253855e-02 3.302005859305255642e-02 9.991842736866034524e-01 2.684197240418234855e+02
9.997010897483299408e-01 -3.398856697184982935e-03 2.421113233935744818e-02 3.156682741940096459e+00 4.112864105860202478e-03 9.995562481945883260e-01 -2.950239047947464388e-02 -9.548567509696743727e+00 -2.410011420820674238e-02 2.959314900967233847e-02 9.992714496205924446e-01 2.714987071269576973e+02
9.997195401035792184e-01 -5.443774715023082592e-03 2.304791643381800051e-02 3.243231311719820376e+00 6.149621289210510655e-03 9.995107727030260181e-01 -3.066589976826411892e-02 -9.698887333438843683e+00 -2.286970251418837113e-02 3.079903517076482827e-02 9.992639271681229562e-01 2.746263320584735084e+02
9.996566339135676271e-01 -2.569412159785508694e-03 2.607704725901118653e-02 3.267896489373834257e+00 3.372957822426700305e-03 9.995193450642914090e-01 -3.081723540124998301e-02 -9.849763736885128296e+00 -2.598533101816656588e-02 3.089461058827367573e-02 9.991848105373061228e-01 2.776794972257741279e+02
9.996268445357743282e-01 9.521592365827910662e-04 2.729954351705041887e-02 3.333910575456878966e+00 -7.188057879466060607e-05 9.994805391088412705e-01 -3.222804331449027199e-02 -9.988334046810603439e+00 -2.731604870096577403e-02 3.221405493703734246e-02 9.991076459260419540e-01 2.808032174364580555e+02
9.996063263978490765e-01 4.462279310689355955e-04 2.805339740620818936e-02 3.403509887628295871e+00 4.710614817304166740e-04 9.994656613063935824e-01 -3.268286967896298634e-02 -1.013697453843333385e+01 -2.805299139980524381e-02 3.268321817087758985e-02 9.990719878584897184e-01 2.839488186025419623e+02
9.995621278962826262e-01 -7.969271233897743181e-04 2.957900239386009392e-02 3.471413909998571690e+00 1.788769075916997247e-03 9.994364238533454126e-01 -3.352066497591067035e-02 -1.027951875697275952e+01 -2.953561884655578340e-02 3.355889721659827823e-02 9.990002240424941116e-01 2.871365737153884652e+02
9.995437609999257011e-01 -2.868434149149003912e-03 3.006729006172426805e-02 3.556286827635915859e+00 3.835402509580350481e-03 9.994756327704600318e-01 -3.215197016787466056e-02 -1.044067151016808204e+01 -2.995929795094295217e-02 3.225262134491387045e-02 9.990306346066994969e-01 2.902736749279844730e+02
9.995530029515079518e-01 -4.530745963152081612e-03 2.955108511782000152e-02 3.639125665153092992e+00 5.616485955413234692e-03 9.993082578105332292e-01 -3.676222187501144989e-02 -1.060075523039517797e+01 -2.936408309714284848e-02 3.691176252486876724e-02 9.988870168398267246e-01 2.934574168142875692e+02
9.995927129400393740e-01 -6.203407953270354339e-03 2.785544770664979963e-02 3.714297183459601470e+00 7.212352405122785144e-03 9.993160886254431885e-01 -3.626757487243788269e-02 -1.076874495790360875e+01 -2.761141448671041582e-02 3.645370686375901115e-02 9.989538212780061377e-01 2.966155916539464101e+02
9.996471452176241002e-01 -5.640741285282293779e-03 2.595702402062805003e-02 3.785184974068919850e+00 6.622284212443581806e-03 9.992601659180244678e-01 -3.788490677419848601e-02 -1.092164558475332470e+01 -2.572412117186071920e-02 3.804343369403715563e-02 9.989449267816016276e-01 2.998023175742937383e+02
9.996982391507149845e-01 -6.037316186532791853e-03 2.381137232971640427e-02 3.857595891923948361e+00 6.924176354297604911e-03 9.992786152977616299e-01 -3.734039087102301868e-02 -1.108663620055220811e+01 -2.356875942376143382e-02 3.749399714420992985e-02 9.990188755761182371e-01 3.029816777699913928e+02
9.997548986860672615e-01 -4.653183445046327887e-03 2.164463991473398671e-02 3.919142611248721320e+00 5.401826480273442740e-03 9.993845959466475248e-01 -3.465904867752327839e-02 -1.124701233857085114e+01 -2.147004480406988075e-02 3.476747428820014391e-02 9.991647811586071848e-01 3.061917266073201063e+02
9.997362577045403320e-01 -3.804473094182661292e-03 2.264820115145665946e-02 3.979548588117511443e+00 4.609666207277965735e-03 9.993552450069264070e-01 -3.560681472135838327e-02 -1.139036584445936384e+01 -2.249813344210324986e-02 3.570182434581326003e-02 9.991092101116868518e-01 3.094467663636340262e+02
9.997097480906602662e-01 -6.472828444125603396e-03 2.320607817882735374e-02 4.034603640586619022e+00 7.331345220572280455e-03 9.992845458800864167e-01 -3.710320393825891627e-02 -1.154909559402818964e+01 -2.294931262076760001e-02 3.726256643281778552e-02 9.990419561725478736e-01 3.126869273211358404e+02
9.997048872765326166e-01 -8.323468212213268325e-03 2.282231873267329125e-02 4.112050194978849937e+00 9.268763854261331120e-03 9.990900271727631843e-01 -4.163181020012136219e-02 -1.169420804026398919e+01 -2.245502999395448951e-02 4.183105880617015576e-02 9.988723312551620603e-01 3.159331112971306084e+02
9.998068359992613452e-01 -6.060711291132683809e-03 1.869648276527834108e-02 4.161732478659733836e+00 6.859029124080859297e-03 9.990543437938088633e-01 -4.293450670724671681e-02 -1.186238057795038792e+01 -1.841858867073766989e-02 4.305445302596630497e-02 9.989029330550641683e-01 3.191990868992578498e+02
9.998175009139949054e-01 -5.509175818251295549e-03 1.829245330452167542e-02 4.223284884701181241e+00 6.185507378554180868e-03 9.992914885893066090e-01 -3.712492870612871254e-02 -1.203219231537691236e+01 -1.807496513314381728e-02 3.723130154545879061e-02 9.991431958536594049e-01 3.224856222421100256e+02
9.998075485022157594e-01 -7.215617470194819402e-03 1.824282934509727921e-02 4.282475089152318226e+00 7.916925300307889671e-03 9.992207649659331503e-01 -3.866762411478367328e-02 -1.218978582277121347e+01 -1.794960310925759750e-02 3.880460958979838754e-02 9.990855889376050181e-01 3.257613597628126172e+02
9.997936910415473610e-01 -7.401741541612975699e-03 1.891532647540449669e-02 4.335037318750297075e+00 8.121693392623335894e-03 9.992343200167012052e-01 -3.827285979900726248e-02 -1.237287731573842642e+01 -1.861755757225415364e-02 3.841858824721969268e-02 9.990882837002603711e-01 3.290833557548282329e+02
9.997953370526988515e-01 -5.515989393553932287e-03 1.946427159416536795e-02 4.388545152676261552e+00 6.267990630272419518e-03 9.992278082250000137e-01 -3.878787907734637663e-02 -1.256088551531822439e+01 -1.923528791414497521e-02 3.890194250767212841e-02 9.990578774865783718e-01 3.323686958406473764e+02
9.997392919273446754e-01 -6.286457541766875788e-03 2.195059516705751348e-02 4.420429745479587780e+00 7.107265682346183659e-03 9.992706813396908805e-01 -3.751789159092065729e-02 -1.274041281012292792e+01 -2.169873155585443775e-02 3.766411908545177351e-02 9.990548429302472666e-01 3.356424310175057144e+02
9.997344690174783111e-01 -9.243895395551020994e-03 2.110786242749168248e-02 4.498263190175269877e+00 1.003426995457685697e-02 9.992405728616072791e-01 -3.765090933408069690e-02 -1.292008101067417591e+01 -2.074379147649925426e-02 3.785271384089387153e-02 9.990679992723499048e-01 3.389632937799462411e+02
9.997515366941930326e-01 -6.472439179664411790e-03 2.133008224705537983e-02 4.538067877637560699e+00 7.310262490498152174e-03 9.991952788688243103e-01 -3.943798611199796772e-02 -1.309960420487593780e+01 -2.105765751266318320e-02 3.958411571976407778e-02 9.989943307360461544e-01 3.422361985109145621e+02
9.998025605033945551e-01 -3.939033232287253439e-03 1.947624265745348179e-02 4.602944939018596138e+00 4.752273095078640708e-03 9.991110485568046595e-01 -4.188709290640192651e-02 -1.328927501632466601e+01 -1.929393457247298091e-02 4.197137916383842510e-02 9.989325039359743252e-01 3.455864924309931894e+02
9.998433041368268714e-01 -2.679089563193461435e-03 1.749827568265388544e-02 4.642112654835679031e+00 3.293692865399803008e-03 9.993752191710204569e-01 -3.518981236353254521e-02 -1.347577320640458787e+01 -1.739306643643337424e-02 3.524193221128206488e-02 9.992274453065980166e-01 3.488172057539679827e+02
9.999046603340925321e-01 -3.527339252722669610e-03 1.335021048374156888e-02 4.715609998324467256e+00 4.031126273090045696e-03 9.992734271041893157e-01 -3.789944464522065903e-02 -1.364383572431921898e+01 -1.320682638389732676e-02 3.794964770906236046e-02 9.991923758594342120e-01 3.521131889388869922e+02
9.999239793039769175e-01 -6.061159439219096848e-03 1.073768872491881812e-02 4.741520844707155291e+00 6.453576234139532346e-03 9.992982660481832813e-01 -3.689616276636198400e-02 -1.380500398943046747e+01 -1.050652019895429237e-02 3.696265438715259921e-02 9.992614148529712637e-01 3.553795880520954711e+02
9.999261395476775061e-01 -6.392329689139253021e-03 1.033700006892770452e-02 4.755770724754391665e+00 6.788608824234293460e-03 9.992252328289106256e-01 -3.876659474648911502e-02 -1.398081561458401367e+01 -1.008118244608202478e-02 3.883390527815013676e-02 9.991948246269762857e-01 3.585873857028145721e+02
9.999238371382802582e-01 -6.768278179088873039e-03 1.032038435085860621e-02 4.778642672169250538e+00 7.168524020237499079e-03 9.992036519453659782e-01 -3.925142293487927925e-02 -1.416355240822647765e+01 -1.004650118350947953e-02 3.932241535729916887e-02 9.991760683004948795e-01 3.618370748646019592e+02
9.999151550758668128e-01 -7.089192565695683242e-03 1.092822027470180535e-02 4.779975282631606426e+00 7.528703009662735327e-03 9.991424029804729656e-01 -4.071581016504494804e-02 -1.434500922953499646e+01 -1.063020604683725945e-02 4.079463096009285084e-02 9.991110032444988631e-01 3.650354608178011517e+02
9.999139682312445654e-01 -7.222666302446021334e-03 1.094939393435255363e-02 4.808255549365165749e+00 7.676476572349731631e-03 9.990886668851929331e-01 -4.198699094957448336e-02 -1.452100138178354527e+01 -1.063615736440060022e-02 4.206743150049684077e-02 9.990581581486974727e-01 3.682731414381584614e+02
9.998963017186308644e-01 -9.875367250015783596e-03 1.048155194055899742e-02 4.846458045792280345e+00 1.030461442214421729e-02 9.990761555113831793e-01 -4.172110269639553448e-02 -1.471064247822507731e+01 -1.005985740536411918e-02 4.182478464104221610e-02 9.990743148828875597e-01 3.714973329773237651e+02
9.998877752528124718e-01 -1.122344097312583631e-02 9.923269254860532171e-03 4.890373852122725573e+00 1.163769584052552417e-02 9.990191498937042169e-01 -4.272355534341309297e-02 -1.488997053155738826e+01 -9.434030713598317089e-03 4.283424469254742267e-02 9.990376502145005277e-01 3.747476648052800670e+02
9.999444869407400072e-01 -8.016153941774399605e-03 6.838443741269373613e-03 4.998852353615871991e+00 8.314530473032277075e-03 9.989622159854919525e-01 -4.478124179124449988e-02 -1.504320269332149884e+01 -6.472373585768223872e-03 4.483561429639008195e-02 9.989734110930222899e-01 3.780354853084252795e+02
9.999523325813550745e-01 -6.066095390875459251e-03 7.650820336146130045e-03 4.994849147131131595e+00 6.403438722440201424e-03 9.989724341590405787e-01 -4.486726827975177218e-02 -1.523351871538499758e+01 -7.370789485200499556e-03 4.491412113209011792e-02 9.989636595919262341e-01 3.812506923005150838e+02
9.999574357058271801e-01 -5.602852480968485704e-03 7.330403856756814024e-03 5.008337819155537218e+00 5.935453593874880085e-03 9.989161107139772344e-01 -4.616680784605288468e-02 -1.543077849940424429e+01 -7.063792696675686919e-03 4.620835206037882115e-02 9.989068480256804161e-01 3.844673776633907210e+02
