1.000000000000000000e+00 0.000000000000000000e+00 0.000000000000000000e+00 0.000000000000000000e+00 0.000000000000000000e+00 1.000000000000000000e+00 0.000000000000000000e+00 0.000000000000000000e+00 0.000000000000000000e+00 0.000000000000000000e+00 1.000000000000000000e+00 0.000000000000000000e+00
9.960281989462415053e-01 -4.801661846049401147e-03 8.890877879839773068e-02 1.325212552772002395e-01 5.524302633112176432e-03 9.999536643394125734e-01 -7.883606699921113722e-03 -2.937861510661142830e-02 -8.886680473789983215e-02 8.343453583345726565e-03 9.960085731548591337e-01 2.091082357715797535e+00
9.834709800533507629e-01 -1.501663919366074025e-03 1.810595934999721934e-01 4.345332314303154142e-01 4.189969899538003965e-03 9.998865820979540020e-01 -1.446606693998966908e-02 -7.275334812927541916e-02 -1.810173349299532553e-01 1.498559127777648360e-02 9.833657287646913048e-01 4.141809928516750006e+00
9.620963026393788420e-01 -4.004491910182189814e-03 2.726805245927517163e-01 9.368477337110138192e-01 8.859592857059487084e-03 9.998233536045697534e-01 -1.657616364900671782e-02 -1.160365506953086323e-01 -2.725659774477441344e-01 1.836370418659581324e-02 9.619618299633840852e-01 6.197919857227538465e+00
9.331304680238763360e-01 -8.819919568064844145e-03 3.594297409290930223e-01 1.625411977328732771e+00 1.756200312226832358e-02 9.996238706529229079e-01 -2.106402780101651259e-02 -1.776977626045725400e-01 -3.591087658243328762e-01 2.596779235286329757e-02 9.329343857251928274e-01 8.149647086245563443e+00
8.954512183800409364e-01 -8.589994433820601072e-03 4.450767658475646704e-01 2.477429807580709298e+00 1.997327844002835459e-02 9.995822020563587262e-01 -2.089233066266518377e-02 -2.341548618754402400e-01 -4.447113486859292086e-01 2.759770511814292615e-02 8.952486710529951042e-01 1.006619356614679894e+01
8.485521738679309145e-01 -7.632351874751685042e-03 5.290566656123608658e-01 3.484897229266001872e+00 2.202184290317691848e-02 9.995389856257764771e-01 -2.090106813878158179e-02 -2.700172051668460749e-01 -5.286532385781413934e-01 2.938644958231886525e-02 8.483290575724659055e-01 1.185757187612237118e+01
7.938714640585459170e-01 -8.655922391324221213e-03 6.080239909420488420e-01 4.655558980353628584e+00 2.698722175020810618e-02 9.994150003082792333e-01 -2.100826078018036905e-02 -3.345448861902526883e-01 -6.074864512198988598e-01 3.308673701588511762e-02 7.936406487938318932e-01 1.352878142967456299e+01
7.330036720714634413e-01 -9.580311284802059749e-03 6.801572129775859121e-01 5.972310004718687892e+00 3.244621565501518839e-02 9.992551008752816877e-01 -2.089225848010747844e-02 -3.952093868181795755e-01 -6.794504101252858419e-01 3.738262979536979835e-02 7.327685031237097801e-01 1.504971512654772070e+01
6.685111815120376999e-01 -7.355173984429755167e-03 7.436657189954627434e-01 7.457680488861115897e+00 3.487399891841286986e-02 9.991611231613393151e-01 -2.146751411808078477e-02 -4.597579988264811068e-01 -7.428839777467396432e-01 4.028587070711302232e-02 6.682068872950581717e-01 1.639241984098520533e+01
5.953069192075041149e-01 -6.243496746190920973e-03 8.034741381600596366e-01 9.063207437667474053e+00 3.979400379374933155e-02 9.989717807941452810e-01 -2.172138207015583689e-02 -5.164252133548267176e-01 -8.025123732415179179e-01 4.490434194323447703e-02 5.949432669329998147e-01 1.766847862353967713e+01
5.190971246765438973e-01 -2.990355608422696869e-03 8.547100285628336236e-01 1.076793162377965096e+01 4.834865154074033389e-02 9.984954302794625258e-01 -2.587051613755609811e-02 -5.784584843345018657e-01 -8.533466956909933065e-01 5.475338788026416076e-02 5.184606865220309224e-01 1.874527358679298317e+01
4.427149316529281897e-01 -4.202589352133367234e-03 8.966525679070355137e-01 1.252077874316681871e+01 5.784946124813926394e-02 9.980395536724595562e-01 -2.388491445616126516e-02 -6.392774789618995701e-01 -8.947943501860318172e-01 6.244507625117805966e-02 4.420901303208890631e-01 1.962638379441911951e+01
3.709626578661788243e-01 -1.786534144356480107e-03 9.286460653901525975e-01 1.437400610926669309e+01 6.360040692564350451e-02 9.976990312905885672e-01 -2.348683036755427195e-02 -6.985856107499412992e-01 -9.264673198271767829e-01 6.777500466671147750e-02 3.702227086966354275e-01 2.038591234017233944e+01
3.021347269543597780e-01 -3.589118270348187929e-03 9.532584775380998909e-01 1.633322300425697549e+01 6.634291168075155676e-02 9.976473962055719680e-01 -1.727110054290216870e-02 -7.515502557202536904e-01 -9.509538500042646891e-01 6.846014223096892615e-02 3.016620362057191862e-01 2.107570829742722296e+01
2.369110356623960190e-01 2.513615366420180949e-03 9.715280968243589221e-01 1.834380963387311070e+01 6.405139528882405897e-02 9.977806132839587283e-01 -1.820072845362117470e-02 -7.656455337102497927e-01 -9.694176499027261640e-01 6.653968359165340907e-02 2.362242378855239910e-01 2.160991303370295924e+01
1.753597422538930029e-01 5.023536211271656740e-03 9.844916073185095984e-01 2.043590568674934005e+01 6.628244904875735255e-02 9.976578197434029516e-01 -1.689709007311458039e-02 -8.028959714362211564e-01 -9.822706336569091423e-01 6.821758416108053558e-02 1.746160458448151598e-01 2.201199587163770133e+01
1.138665816761816885e-01 4.570566728995801957e-03 9.934855366320928249e-01 2.261299737372672070e+01 6.733346417631076719e-02 9.976546201300621197e-01 -1.230705225303688546e-02 -8.416567105059975518e-01 -9.912116858569604005e-01 6.829618476106334712e-02 1.132917691965469181e-01 2.228753699067115690e+01
6.057760006587455115e-02 5.845412250935078623e-03 9.981463747997464386e-01 2.483841350361174705e+01 7.128588985012385137e-02 9.974041034725743549e-01 -1.016741286395831528e-02 -8.522727689509046467e-01 -9.956147228112556258e-01 7.176966999845264816e-02 6.000365147037454300e-02 2.238424148798700131e+01
1.691897859270910520e-02 8.210013265816561850e-03 9.998231562859277721e-01 2.714981514841316823e+01 8.084740305064677668e-02 9.966807166076769864e-01 -9.552306652008906926e-03 -8.505883952252543123e-01 -9.965828844523390018e-01 8.099472096737454774e-02 1.619906145649817331e-02 2.234609149024545260e+01
-1.550818907743682640e-02 5.715111694978019727e-03 9.998634074561647544e-01 2.959884326781041963e+01 8.941718079904954763e-02 9.959849525315794816e-01 -4.306054878622112697e-03 -8.975851099859638582e-01 -9.958735179978864815e-01 8.933818796562614795e-02 -1.595695213785872091e-02 2.218450684144626095e+01
-4.146459044026484797e-02 6.072831179188548437e-03 9.991215183655540732e-01 3.209675386817082199e+01 9.465489830343661037e-02 9.955078828625681941e-01 -2.122589374641964399e-03 -8.840424300349997155e-01 -9.946462375974612913e-01 9.448373341457430574e-02 -4.185314986063197462e-02 2.199632273843159425e+01
-6.466463124590814127e-02 7.893058266766436737e-03 9.978758365132548436e-01 3.468935970950848002e+01 9.442468113076669944e-02 9.955304603882174641e-01 -1.755571866007664709e-03 -8.267039124393472660e-01 -9.934296477653472568e-01 9.411058426352009176e-02 -6.512090962505959202e-02 2.177063937331322308e+01
-8.290604150172736775e-02 1.625786430359963189e-02 9.964247438370844590e-01 3.727562215621431818e+01 9.494367378078136244e-02 9.954476908684417591e-01 -8.342275091107013985e-03 -7.946609856249265968e-01 -9.920243379532179828e-01 9.391260082104463391e-02 -8.407220893675124151e-02 2.147917662824255558e+01
-9.665559121791095221e-02 2.193329064764752007e-02 9.950761917801478340e-01 3.989317731527951594e+01 9.573644863778113523e-02 9.953264660486174087e-01 -1.263955637653437110e-02 -7.725298228425251379e-01 -9.907028964773141322e-01 9.404337693073290538e-02 -9.830368338430946207e-02 2.115937354031048301e+01
-1.040702221535405037e-01 2.571923589461441381e-02 9.942373508201699517e-01 4.256087816860006967e+01 9.716811673417721784e-02 9.951461577664435509e-01 -1.557182625826300515e-02 -7.860523293911370057e-01 -9.898119750494255298e-01 9.498760754793955652e-02 -1.060641714297181210e-01 2.080362559362313490e+01
-1.104887067030627112e-01 3.043088525516093185e-02 9.934113986227818272e-01 4.537531536193552739e+01 9.550101154971177286e-02 9.952311008290218863e-01 -1.986486183276316847e-02 -7.757370408442797460e-01 -9.892784251584915145e-01 9.267695056075252180e-02 -1.128679775254854412e-01 2.040466498080483859e+01
-1.135918465516092268e-01 2.847594095534488820e-02 9.931193348151586830e-01 4.822927320086944292e+01 9.458067704447098434e-02 9.953594432029430061e-01 -1.772214311353119062e-02 -7.979244566791314774e-01 -9.890153628365963012e-01 9.191680811165439668e-02 -1.157579909110391381e-01 2.001524899945152214e+01
-1.161102125524558909e-01 2.901454798366994575e-02 9.928124568851494081e-01 5.116666029413332240e+01 9.606326321586146355e-02 9.952151645389933909e-01 -1.785009053040774105e-02 -8.248434615760543709e-01 -9.885799249435234248e-01 9.330022656417789884e-02 -1.183418764500947795e-01 1.961852850605252385e+01
-1.161246902326273645e-01 3.065297278476778603e-02 9.927615280508368389e-01 5.412478768387904893e+01 9.802926615138086996e-02 9.949972327328009403e-01 -1.925538449082414214e-02 -8.757102671498964153e-01 -9.883852079509266586e-01 9.508365849883985976e-02 -1.185486338608673640e-01 1.923731409648081225e+01
-1.139679314004669181e-01 3.279652411248605570e-02 9.929429483200115092e-01 5.713604816275217502e+01 9.834523518203949766e-02 9.949184795701561113e-01 -2.157391310813485535e-02 -9.394238472854871125e-01 -9.886048378039055118e-01 9.519247352573158294e-02 -1.166141829057046470e-01 1.886383871561866954e+01
-1.090419482179829230e-01 3.200345988688269028e-02 9.935218327163699570e-01 6.023008703172305189e+01 9.830017009749496271e-02 9.949296888218435164e-01 -2.126007666196763277e-02 -1.009491701392623009e+00 -9.891647638728489067e-01 9.534512497310941581e-02 -1.116350171596346003e-01 1.847128780039479068e+01
-1.040349445799336053e-01 3.367824700985835168e-02 9.940032726226771809e-01 6.343581123384801401e+01 9.849296976067022091e-02 9.948626183742276252e-01 -2.339883478507039441e-02 -1.077540628090905450e+00 -9.896847302115823197e-01 9.546803779233267728e-02 -1.068175479315451037e-01 1.807567012270618889e+01
-1.011604758028698814e-01 3.442246072410796304e-02 9.942744351199187536e-01 6.668883784074544963e+01 9.886300855726624925e-02 9.948023009528969007e-01 -2.438211553224058081e-02 -1.158144136218388409e+00 -9.899457882502160633e-01 9.583045557920950863e-02 -1.040377821233147843e-01 1.772571005152980561e+01
-9.636460216443783200e-02 3.103232096698917489e-02 9.948622309169700140e-01 7.002744872700395717e+01 1.018744406526870261e-01 9.945722918126359557e-01 -2.115548865573476170e-02 -1.238912759654358986e+00 -9.901189129551009049e-01 9.931239305324646160e-02 -9.900296356496482431e-02 1.733722226122322496e+01
-9.347922359641737400e-02 3.461358613978006427e-02 9.950193638368823867e-01 7.342845627113788964e+01 1.055003299925762472e-01 9.941131934648019808e-01 -2.467060904539154081e-02 -1.325335295248048384e+00 -9.900158155945124605e-01 1.026686818545803626e-01 -9.658067425201832812e-02 1.698598092141786609e+01
-9.057058545426849294e-02 3.554416084741218035e-02 9.952555358701218324e-01 7.689597102275500617e+01 1.063180697616121079e-01 9.939967748535406544e-01 -2.582401252564367825e-02 -1.416167520031375471e+00 -9.901986856649706015e-01 1.034747515600442924e-01 -9.380585641073332925e-02 1.661585241841014948e+01
-8.809507460944906998e-02 3.649025990228928207e-02 9.954434784365301381e-01 8.040802698511146218e+01 1.101334177141345266e-01 9.935588048306914777e-01 -2.667455053064832562e-02 -1.517031333718227515e+00 -9.900049939935448018e-01 1.072816959022903777e-01 -9.154643407675130962e-02 1.625636353145249302e+01
-8.453227931304134468e-02 3.786605054361899536e-02 9.957009872297857278e-01 8.394717608246861573e+01 1.132658263097346130e-01 9.931657580330078838e-01 -2.815367935269841304e-02 -1.646516127339491486e+00 -9.899621944016419040e-01 1.103990003892680039e-01 -8.824349476610415799e-02 1.586444605003231700e+01
-8.478267657845854621e-02 4.084110660195304499e-02 9.955621034188275598e-01 8.757248036152185477e+01 1.136749106028846074e-01 9.930324745751010207e-01 -3.105670843276964188e-02 -1.772966655140613579e+00 -9.898938894909988795e-01 1.105373622391079003e-01 -8.883456026570735187e-02 1.552103915517642463e+01
-8.587007920308664666e-02 4.297590001647169644e-02 9.953790240483419982e-01 9.131206482757002618e+01 1.121419965563485166e-01 9.931372595293902483e-01 -3.320476385714623418e-02 -1.876656503355680350e+00 -9.899750007480041525e-01 1.087724953847576809e-01 -9.010017836697861715e-02 1.514917311654190080e+01
-8.730054975551669594e-02 4.258912688382750916e-02 9.952712094116145103e-01 9.506446538537316826e+01 1.095445831274035886e-01 9.934371891885697137e-01 -3.290190639701387476e-02 -2.005552777523234020e+00 -9.901406962244443388e-01 1.061542152172381542e-01 -9.139302091398666950e-02 1.481472367311131499e+01
-9.180640399904679838e-02 4.598185361655428294e-02 9.947146592479421123e-01 9.883817411248418239e+01 1.091787107369688731e-01 9.933756893228948837e-01 -3.584339526435867396e-02 -2.137758959386002910e+00 -9.897735060641785765e-01 1.053110108215162960e-01 -9.621848935196103403e-02 1.447786122874463999e+01
-9.925054663869023464e-02 4.676685963352555930e-02 9.939628714554380462e-01 1.027112759583352641e+02 1.080941400598687957e-01 9.934904014734615707e-01 -3.595106486347793284e-02 -2.288195463661171214e+00 -9.891738906161231526e-01 1.038733990014701764e-01 -1.036596889019197471e-01 1.405731000236147032e+01
-1.086178452934259547e-01 4.739755414883280865e-02 9.929529875802389771e-01 1.065568090196384077e+02 1.051946049974463587e-01 9.938023237692034106e-01 -3.593099428575712018e-02 -2.444726539662083642e+00 -9.885020276980941434e-01 1.005505501309680444e-01 -1.129306340419424098e-01 1.364447739246037905e+01
-1.160437492054511438e-01 5.163041936353965355e-02 9.919012793956299978e-01 1.103951615063265450e+02 1.045615945926323537e-01 9.937339553236369527e-01 -3.949302435983073623e-02 -2.589383454434783793e+00 -9.877250230740270975e-01 9.913186083790213876e-02 -1.207151728666554791e-01 1.314636729214805655e+01
-1.243815472586295573e-01 5.266156944265568823e-02 9.908360055051420590e-01 1.143269631528462611e+02 1.013784654635575960e-01 9.940392090109020362e-01 -4.010558177155493231e-02 -2.750772628020283328e+00 -9.870418620513531360e-01 9.546103944969881738e-02 -1.289788839515196017e-01 1.262861162936587078e+01
-1.349081209925455938e-01 5.347093813416275293e-02 9.894143003137326753e-01 1.182907122994291740e+02 9.946947805652628372e-02 9.942295138574098745e-01 -4.016835458443540618e-02 -2.912488911967683336e+00 -9.858527384074264877e-01 9.299748679352155822e-02 -1.394483618572335271e-01 1.210405798080400253e+01
-1.444048823263563153e-01 5.409490126363405288e-02 9.880389524799053635e-01 1.222518982370035161e+02 1.001086044036257616e-01 9.941801802375931363e-01 -3.979995662190548289e-02 -3.108066795243888958e+00 -9.844417185819932525e-01 9.316389257660322165e-02 -1.489798370092599855e-01 1.151789688383279042e+01
-1.560656993819104221e-01 5.575782601990107029e-02 9.861716697989096891e-01 1.261485633861644828e+02 9.982309972900450801e-02 9.941841394099824036e-01 -4.041343472320223229e-02 -3.277819490747000852e+00 -9.826895981116962053e-01 9.213556198975365874e-02 -1.607239620588790108e-01 1.094484086635160303e+01
-1.668029217226466854e-01 5.665600923473253225e-02 9.843611542124074409e-01 1.301023837113846469e+02 9.814794836407662870e-02 9.943433484435810765e-01 -4.059908420063416956e-02 -3.461506326186216231e+00 -9.810931482467450948e-01 8.984098187131261959e-02 -1.714200467847545595e-01 1.032297740403249797e+01
-1.732622340013585116e-01 5.359917019409411038e-02 9.834161515977676293e-01 1.341204728441761915e+02 9.869436773623450898e-02 9.944366942592300918e-01 -3.681145050008085423e-02 -3.732940264810379993e+00 -9.799181700764622027e-01 9.067960115306808455e-02 -1.775882594337734044e-01 9.519220305654915393e+00
-1.660661037788452032e-01 5.605502163313731689e-02 9.845201286542710761e-01 1.379415412134580947e+02 1.011249668194602602e-01 9.940875962543107569e-01 -3.954228191556560107e-02 -3.827397699641422069e+00 -9.809157916261088683e-01 9.299293265101114814e-02 -1.707528161275465861e-01 8.466925671233546780e+00
-1.687772344434417815e-01 5.850615663995267779e-02 9.839162945946393624e-01 1.420044760330188751e+02 1.010815728567486527e-01 9.940010364659388475e-01 -4.176667491488875172e-02 -3.990005077891309870e+00 -9.804574242476968848e-01 9.240654273297692345e-02 -1.736786403036059134e-01 7.681379244682959850e+00
-1.649916370650221509e-01 5.948961722962477910e-02 9.844992357236634906e-01 1.460171638657258484e+02 9.900801602848235961e-02 9.941362920589776886e-01 -4.347925451674267833e-02 -4.199580928517520739e+00 -9.813129839458493153e-01 9.029960272947286370e-02 -1.699141232687609859e-01 6.753565038458577696e+00
-1.739074898949552472e-01 5.993653664910578160e-02 9.829363135691684406e-01 1.501326366058650308e+02 9.809197966855190409e-02 9.942362030478859580e-01 -4.327049888351650053e-02 -4.405336597483136885e+00 -9.798643520830520037e-01 8.889310503877335956e-02 -1.787844159691366341e-01 6.030472923452820488e+00
-1.825517534416916665e-01 6.071769226483156312e-02 9.813196314969947487e-01 1.543241492151347529e+02 9.746935679611204439e-02 9.942922947699259772e-01 -4.338844370230032083e-02 -4.627422308806584006e+00 -9.783529944764900455e-01 8.772795681644862675e-02 -1.874279162550110123e-01 5.237945121511518920e+00
-1.923118723919535755e-01 6.064058880188942513e-02 9.794584538033561660e-01 1.584793426017348565e+02 9.889784020726691272e-02 9.942051188159761743e-01 -4.213548293836991143e-02 -4.842866497927062142e+00 -9.763377289337116238e-01 8.876317203588382498e-02 -1.971946712025691162e-01 4.482060812748936307e+00
-1.989675028606060492e-01 6.241447270822169519e-02 9.780165471002878474e-01 1.626889352054550955e+02 9.997635930188354669e-02 9.940559405668835113e-01 -4.309889330864728058e-02 -5.060647007243268547e+00 -9.748931533179183706e-01 8.920325453840856345e-02 -2.040247999474588403e-01 3.622625812148926538e+00
-2.065233793071794555e-01 6.521734663903583362e-02 9.762657381558090819e-01 1.669123116604879442e+02 1.007571173539744402e-01 9.938892249751248853e-01 -4.508005968123880713e-02 -5.283890967368154001e+00 -9.732399997441839590e-01 8.905563528329049627e-02 -2.118324732476806749e-01 2.753707783411977417e+00
-2.155400046338877273e-01 6.748944106256299369e-02 9.741599877573942079e-01 1.711831195562244829e+02 1.009594776460732146e-01 9.938026934963222203e-01 -4.651225938274835409e-02 -5.490831915039503741e+00 -9.712619061179402769e-01 8.832543090480136916e-02 -2.210179358776693803e-01 1.872780333700021060e+00
-2.202898791281986124e-01 7.270110264476183082e-02 9.727213983602497338e-01 1.754991947512030492e+02 1.042956137983404863e-01 9.932574721819940056e-01 -5.061638960913202728e-02 -5.660116043016293119e+00 -9.698426646091158343e-01 9.030029694786073646e-02 -2.263869746143034045e-01 8.033147511641154370e-01
-2.293979437770810870e-01 7.387517609283761333e-02 9.705251371026406559e-01 1.798369429678884615e+02 1.074018270101324141e-01 9.929477399133872506e-01 -5.019594959538725698e-02 -5.894678411963792719e+00 -9.673889760307028407e-01 9.272132526096292515e-02 -2.357144986972971590e-01 -1.491015147495621251e-01
-2.350998971154738548e-01 7.695731853363391162e-02 9.689198158260600158e-01 1.842125483380314677e+02 1.072968793036513380e-01 9.928228951095545707e-01 -5.282119496926299118e-02 -6.109728662250789810e+00 -9.660307542040211803e-01 9.154381503081468474e-02 -2.416698406123793108e-01 -1.230424520152279211e+00
-2.422521199932652081e-01 8.290103253832337149e-02 9.666650553127736911e-01 1.885689541833032195e+02 1.070688223700872188e-01 9.925415681004059465e-01 -5.828810229429804562e-02 -6.369504631777855863e+00 -9.642873936929020617e-01 8.937927274747585471e-02 -2.493214149809058755e-01 -2.314572439391761716e+00
-2.510932699326038353e-01 8.815099626699732238e-02 9.639406473697886835e-01 1.929748617268515147e+02 1.069730057890922459e-01 9.922717766630653191e-01 -6.287684208332683378e-02 -6.647404671913399454e+00 -9.620337550351328870e-01 8.732767656969121772e-02 -2.585825420981472389e-01 -3.425527655684527328e+00
-2.612382165075060048e-01 9.057524124256462195e-02 9.610154628879949978e-01 1.974002239067196740e+02 1.092459217417851708e-01 9.919654651546332413e-01 -6.379533308432985828e-02 -6.937238027689466513e+00 -9.590724283487476187e-01 8.832124101485472334e-02 -2.690342646705635721e-01 -4.560261404937865137e+00
-2.723040578479339335e-01 9.369877103705424870e-02 9.576382617594669799e-01 2.017923507499834557e+02 1.120322011240199450e-01 9.915657785582686623e-01 -6.516204956446974839e-02 -7.233352761731980607e+00 -9.556669325611588661e-01 8.954243183140014883e-02 -2.805046646864591819e-01 -5.696181344317730044e+00
-2.819396303441842888e-01 9.767598765454738041e-02 9.544471940747124572e-01 2.062780252345949066e+02 1.122839359533526205e-01 9.913273339786385918e-01 -6.828202277048438240e-02 -7.553724143585384354e+00 -9.528391063386337789e-01 8.791767935127858813e-02 -2.904619064340067669e-01 -6.961310179943835053e+00
-2.845904084196051453e-01 1.010212777830054032e-01 9.533115969454318828e-01 2.105643228972303120e+02 1.134891980381425580e-01 9.909894668768350900e-01 -7.113422852485271064e-02 -7.863879129175930238e+00 -9.519078218841463546e-01 8.794644946929668083e-02 -2.934909209183870216e-01 -8.323507498620935863e+00
-2.864178443666600127e-01 9.946028182602426049e-02 9.529283660209941775e-01 2.148534247192173154e+02 1.158383340414518292e-01 9.908959051002430574e-01 -6.860601738966956575e-02 -8.235836917384634859e+00 -9.510763895686061842e-01 9.073564676938403184e-02 -2.953315824805820555e-01 -9.711598253753866317e+00
-2.904559459946138844e-01 1.044762618231646623e-01 9.511677318705831219e-01 2.192836833055750105e+02 1.187199173153188764e-01 9.902760330825126633e-01 -7.251868404078197494e-02 -8.549176876565637073e+00 -9.494950893338082176e-01 9.185907150532518495e-02 -3.000349751498344042e-01 -1.110240848759158716e+01
-2.913670650055494860e-01 1.111068368154627811e-01 9.501370976037679661e-01 2.235733767440084421e+02 1.179194791566583328e-01 9.898286982786689281e-01 -7.958733881327338666e-02 -8.791545545165282860e+00 -9.493156639735135238e-01 8.885054235522964194e-02 -3.015051430037425928e-01 -1.256629800194380664e+01
-2.970638464984743377e-01 1.119429250816815213e-01 9.482730896886647498e-01 2.280953727775284960e+02 1.154434405467952285e-01 9.900298525659322335e-01 -8.070751552982952104e-02 -9.235924562904612500e+00 -9.478533025411937096e-01 8.549662304697264181e-02 -3.070251525678547866e-01 -1.403400382815046044e+01
-3.059982848658064358e-01 1.115118637338204099e-01 9.454787961164401455e-01 2.326509363589135262e+02 1.188406467039499342e-01 9.898227941228860960e-01 -7.827986283681155621e-02 -9.702506990114795116e+00 -9.445855971536777362e-01 8.840780780775482628e-02 -3.161362193239733998e-01 -1.544453039903180169e+01
-3.101514579955383377e-01 1.168556255956218898e-01 9.434780526699578784e-01 2.369941381938149618e+02 1.338020911258008538e-01 9.879041787250957274e-01 -7.837304426815049074e-02 -1.006729625034025233e+01 -9.412242418858554061e-01 1.019318224312230764e-01 -3.220354484559812547e-01 -1.694017569037881543e+01
-3.129477699652484790e-01 1.169384930236515435e-01 9.425439417465550918e-01 2.412709932574736627e+02 1.323216667451670159e-01 9.880812248089397842e-01 -7.865411425886698060e-02 -1.044407606430098667e+01 -9.405076659887241508e-01 1.001043556965594827e-01 -3.246913121520467738e-01 -1.850844005049023266e+01
-3.179271380057961394e-01 1.163828110639849034e-01 9.409449379258524315e-01 2.456720548461658495e+02 1.305663386364886436e-01 9.883561898723322026e-01 -7.813112795876513139e-02 -1.085360659720302579e+01 -9.390818740314946789e-01 9.801572950242178062e-02 -3.294209322972704856e-01 -2.006976688633982420e+01
-3.245060739439974973e-01 1.160275900875303301e-01 9.387403295437620754e-01 2.501228739309459002e+02 1.295083695994257988e-01 9.885516821927516906e-01 -7.741546252254985494e-02 -1.127023172746559254e+01 -9.369756614646670423e-01 9.645294175068895581e-02 -3.358175692998906503e-01 -2.163554083097221792e+01
-3.376902068509238797e-01 1.027033670681352928e-01 9.356373990974528043e-01 2.545647919841765940e+02 1.298598418663498288e-01 9.896071471022781507e-01 -6.175852875949525145e-02 -1.208162148988497187e+01 -9.322562660918003452e-01 1.006464743394353545e-01 -3.475176852127306870e-01 -2.302321691190117292e+01
-3.402958186733630042e-01 1.044668535337985454e-01 9.344974223111434108e-01 2.590333924141982038e+02 1.301596186741400818e-01 9.894757624829195741e-01 -6.321541841551313323e-02 -1.237141722881371919e+01 -9.312664653363326162e-01 1.001218855774990008e-01 -3.503118304716215103e-01 -2.483500211509945288e+01
-3.454911884894864560e-01 1.059586838736101960e-01 9.324208255867585393e-01 2.633708934170093698e+02 1.271628869336666467e-01 9.897265231041600941e-01 -6.535296206635864136e-02 -1.266378391295841688e+01 -9.297663356256864464e-01 9.599045148307049080e-02 -3.554158048838833572e-01 -2.651551573729971878e+01
-3.514698130537941001e-01 1.072249660519689063e-01 9.300385890741755812e-01 2.678693096804689731e+02 1.286635781197123241e-01 9.895254679217749816e-01 -6.546015581730636745e-02 -1.301816783547060830e+01 -9.273158330241982883e-01 9.665482393211130563e-02 -3.615842790184452538e-01 -2.826176556939936546e+01
-3.539839573133670703e-01 1.094735424074174124e-01 9.288223196486707911e-01 2.724004739175085206e+02 1.320548361322264885e-01 9.890265578140582381e-01 -6.624189152316901918e-02 -1.338025421905765455e+01 -9.258816761438031229e-01 9.920691231586553638e-02 -3.645560455264636457e-01 -3.015909251847473271e+01
-3.585207529804342874e-01 1.144529934641282526e-01 9.264790240310033509e-01 2.768300698464926768e+02 1.361954001705064365e-01 9.882495682828940087e-01 -6.938013952904875659e-02 -1.373449583808437602e+01 -9.235332601778547534e-01 1.013079615616405832e-01 -3.698959505989314334e-01 -3.191903363022074913e+01
-3.641871055160587067e-01 1.174844013290339273e-01 9.238859061703409425e-01 2.812890711092847482e+02 1.379948430227271594e-01 9.878686696802640999e-01 -7.122439724756719770e-02 -1.408076257793565844e+01 -9.210456967354916369e-01 1.015524835171687651e-01 -3.759812729598739356e-01 -3.369737309576792939e+01
-3.690377753498894076e-01 1.187610064402876975e-01 9.217954999424183837e-01 2.858935375445285558e+02 1.383170109636919221e-01 9.877756210147897731e-01 -7.188690427968974506e-02 -1.446154649307967865e+01 -9.190644835063933593e-01 1.009710150396501555e-01 -3.809531851540138292e-01 -3.560501836702692202e+01
-3.778478346958828449e-01 1.221051431876805371e-01 9.177806643325775449e-01 2.904303411681577813e+02 1.364949901799280829e-01 9.877806078364450570e-01 -7.522358963812714183e-02 -1.479411476901532474e+01 -9.157511296588245475e-01 9.684939230258499121e-02 -3.898975041459049051e-01 -3.738645364681254790e+01
-3.809566216952829376e-01 1.302850517468363833e-01 9.153676079465778992e-01 2.949992777406354207e+02 1.422496591090008922e-01 9.864940037390701466e-01 -8.120723533179265152e-02 -1.505609396033030301e+01 -9.135847453136950458e-01 9.927429616060867712e-02 -3.943444271850760074e-01 -3.937608420189951630e+01
-3.664058819467318484e-01 1.345365621757803054e-01 9.206772741372292179e-01 2.991129776472392336e+02 1.403682310583488357e-01 9.861592401636259941e-01 -8.824235235673635880e-02 -1.523699114445237868e+01 -9.198062238234674393e-01 9.690132340594104221e-02 -3.802192053773582603e-01 -4.181342014181460343e+01
-3.694322554353599020e-01 1.379629946580817057e-01 9.189592051603355793e-01 3.037594547324432597e+02 1.428209426610695665e-01 9.855975678961446107e-01 -9.055171171550785436e-02 -1.564338508856418919e+01 -9.182167429214878052e-01 9.779389685547373867e-02 -3.838155374088894067e-01 -4.378563121312840423e+01
-3.774876102717833470e-01 1.402052765404589452e-01 9.153390544063495504e-01 3.084576504293510197e+02 1.430607188295958676e-01 9.854339354680500263e-01 -9.194340409137825854e-02 -1.611339919787346275e+01 -9.148971170679558451e-01 9.624156720546757360e-02 -3.920469690261333962e-01 -4.564242748653848025e+01
-3.832507189919415747e-01 1.430985729868607947e-01 9.124920190342941106e-01 3.132137653912291171e+02 1.414623361283598446e-01 9.853639825535227548e-01 -9.511166775621265890e-02 -1.661679138449619941e+01 -9.127471138542516682e-01 9.263163765898381474e-02 -3.978845132137565632e-01 -4.767675035924490601e+01
-3.901896546701695279e-01 1.397729767827542158e-01 9.100634858896713419e-01 3.177520332217051191e+02 1.380557073308009974e-01 9.861177707593513642e-01 -9.226247268526939493e-02 -1.711110506855361280e+01 -9.103255764075652845e-01 8.963959590435174873e-02 -4.040694096121833501e-01 -4.973317460436867776e+01
-3.957403234703026906e-01 1.383084295145362574e-01 9.078878646093035965e-01 3.225244670193104071e+02 1.388051977302267592e-01 9.862451936514927686e-01 -8.974149030633866986e-02 -1.765828009468766879e+01 -9.078120474320070521e-01 9.050522816143019567e-02 -4.094949208631953330e-01 -5.197472297162090626e+01
-4.033871223754880164e-01 1.401075627588840855e-01 9.042392937488322735e-01 3.273826008463336734e+02 1.425568915223135724e-01 9.857641210257316322e-01 -8.914387459529962698e-02 -1.817342945770126406e+01 -9.038563836036775934e-01 9.294605185876637921e-02 -4.176178507472461110e-01 -5.417701850820132137e+01
-4.111333059451253713e-01 1.387561276541428301e-01 9.009529076378285373e-01 3.321381209241395140e+02 1.431491794655040117e-01 9.859123063718475688e-01 -8.651726164701144250e-02 -1.865964497991950566e+01 -9.002653593030141010e-01 9.340054166315990558e-02 -4.252042117101422214e-01 -5.639374402416262910e+01
-4.260822182122412927e-01 1.392198299354435453e-01 8.939081509171290518e-01 3.370392375226087438e+02 1.398718147515659871e-01 9.863448899543247883e-01 -8.694615287115919910e-02 -1.909667995102052274e+01 -8.938063653618941728e-01 8.798634560963136675e-02 -4.397369488965226503e-01 -5.850714473736041299e+01
-4.375154626033003757e-01 1.393852410373270512e-01 8.883422620611860498e-01 3.417591752654898301e+02 1.409808152755019639e-01 9.863285196950825062e-01 -8.532561725743567638e-02 -1.958490806957805574e+01 -8.880904400494776807e-01 8.790793944277044969e-02 -4.511846234920373067e-01 -6.075652696928594310e+01
-4.460508484283328134e-01 1.382241593126465884e-01 8.842695982553483436e-01 3.465541638622434562e+02 1.403975937342915037e-01 9.865767451980337333e-01 -8.339569238321063727e-02 -2.008865799520555484e+01 -8.839271215943004245e-01 8.695060446464016046e-02 -4.594697335986872022e-01 -6.319848572349799554e+01
-4.468647589021473299e-01 1.374580463045550205e-01 8.839780386171701698e-01 3.510891978521550527e+02 1.428613840687870395e-01 9.864088870945719734e-01 -8.116731117142376994e-02 -2.057847959315346387e+01 -8.831208933058237731e-01 9.001551514590670766e-02 -4.604288162569117326e-01 -6.570289326820071096e+01
-4.535592476025034903e-01 1.364637837957454747e-01 8.807165518067645582e-01 3.557904901767049637e+02 1.374245412509237652e-01 9.870976446628613177e-01 -8.217502882874543058e-02 -2.107198978004888446e+01 -8.805671492715499982e-01 8.376082385686019205e-02 -4.664607379089863448e-01 -6.815558056905355500e+01
-4.603821608225619477e-01 1.340025595617865828e-01 8.775486197512004649e-01 3.605123064057503939e+02 1.304179732023598992e-01 9.880246974707770358e-01 -8.245210399721972228e-02 -2.153790019878094952e+01 -8.780885025224606233e-01 7.648863457187332626e-02 -4.723452873896311632e-01 -7.065760126521001894e+01
-4.671474680226076481e-01 1.334176788096293753e-01 8.740554708375868342e-01 3.653560537525355016e+02 1.308337643104351411e-01 9.880980299576899162e-01 -8.089999573605501093e-02 -2.204429455300785179e+01 -8.744459784551752435e-01 7.656373929467334694e-02 -4.790430299970858674e-01 -7.325729876329917545e+01
-4.718885050238810774e-01 1.284886785262225606e-01 8.722453200315322119e-01 3.700545950460285667e+02 1.264983936633296557e-01 9.889547055651113361e-01 -7.724471982744951504e-02 -2.253616284226764677e+01 -8.725361856260888116e-01 7.388673650398196180e-02 -4.829299689829439357e-01 -7.588330204508960719e+01
-3.934476062188905221e-01 1.438870700665745017e-01 9.080173413698000573e-01 3.721108832455715287e+02 1.202753187584544581e-01 9.872436340853080194e-01 -1.043257142586937192e-01 -2.229341128869113575e+01 -9.114454612636884168e-01 6.816537262929797669e-02 -4.057347078031799947e-01 -7.903530354628176724e+01
-3.976568187997577830e-01 1.621414854821042473e-01 9.030942327064833686e-01 3.718725406696937625e+02 1.497202575526014878e-01 9.825366670792318180e-01 -1.104786962414827517e-01 -2.242841969100163624e+01 -9.052363773846253681e-01 9.127889422255089369e-02 -4.149882703511860171e-01 -7.861859217904932962e+01
-4.744156950947090445e-01 1.674332152562032217e-01 8.642313733467285042e-01 3.726594420458054060e+02 1.605602667198871014e-01 9.817353575874734339e-01 -1.020592397259283135e-01 -2.261221997503810144e+01 -8.655346030047805783e-01 9.034271465683123281e-02 -4.926337837682182585e-01 -7.810612287667390774e+01
-4.795988175835138034e-01 1.631758645712841627e-01 8.621824698948058474e-01 3.725572021709971864e+02 1.364484181415431263e-01 9.844741347573137125e-01 -1.104196865622680962e-01 -2.265967313133830174e+01 -8.668141688731018091e-01 6.468628305330888228e-02 -4.944177195707908368e-01 -7.790565114536423152e+01
-4.937107378236626487e-01 1.580575985762918689e-01 8.551418027964183821e-01 3.723527291150595033e+02 1.382185290976437331e-01 9.851063491603235800e-01 -1.022796121331259467e-01 -2.280690970484300806e+01 -8.585716892442347703e-01 6.769989938186460332e-02 -5.082040712666388016e-01 -7.718052879613728123e+01
-5.732620132902146448e-01 1.230281979206907517e-01 8.100831603204914355e-01 3.723950948448427312e+02 1.431446089213161965e-01 9.884966291200630861e-01 -4.882658246320788903e-02 -2.307293682567860316e+01 -8.067715197348090950e-01 8.796861221288139465e-02 -5.842783910176094775e-01 -7.648588947469386312e+01
-6.212782447565261545e-01 1.409967464177643848e-01 7.708004022390313459e-01 3.775974086440858173e+02 1.441094140842501259e-01 9.874591620960876392e-01 -6.447387040334526254e-02 -2.292144515476591593e+01 -7.702245252941147813e-01 7.102338130572107000e-02 -6.338058535098568536e-01 -7.796550244931502505e+01
-5.752407332182478683e-01 1.432339860135434795e-01 8.053459654690042768e-01 3.810097278217081112e+02 1.481226352339567454e-01 9.865130142855897954e-01 -6.965455890685688656e-02 -2.336593898431400973e+01 -8.044611760538115108e-01 7.922182714273011406e-02 -5.886986651303759421e-01 -8.296139936533063519e+01
-5.797500855186648039e-01 1.488113787562061197e-01 8.010898900209488804e-01 3.852751141018534327e+02 1.523593667148765984e-01 9.856380358191237923e-01 -7.283052739656659114e-02 -2.379971603936292368e+01 -8.004226769122319007e-01 7.983004383875304255e-02 -5.940965429838488410e-01 -8.600138691065896523e+01
-5.874981685755725769e-01 1.341634050667744604e-01 7.980263671466220066e-01 3.895597116477555346e+02 1.309787336681582925e-01 9.889227050933273588e-01 -6.983161660438817753e-02 -2.409547001624473239e+01 -7.985552411994015776e-01 6.349853613891573434e-02 -5.985628310053850987e-01 -8.915015896910021809e+01
-5.494879094713863710e-01 1.451564483751206225e-01 8.227956264102799233e-01 3.893701697058116906e+02 1.293748648419300595e-01 9.876967858958431989e-01 -8.784761509656466294e-02 -2.397260222485876113e+01 -8.254242434602334644e-01 5.817787058790286486e-02 -5.615070379629800712e-01 -8.974779380068960677e+01
-5.578714366940449310e-01 1.423169686716466154e-01 8.176339893552826421e-01 3.894143647931099963e+02 1.319740200992919332e-01 9.878638778428391332e-01 -8.190126294594597678e-02 -2.401894329074375278e+01 -8.193670228534678524e-01 6.221606931832672494e-02 -5.698831832742771164e-01 -8.984927694664412456e+01
-5.350014421164108747e-01 1.487001341099650209e-01 8.316620269370470497e-01 3.894654321270081709e+02 1.335480439112523010e-01 9.868973635744826556e-01 -9.054564449610334742e-02 -2.379238605003831353e+01 -8.342292112488272071e-01 6.262478650993476281e-02 -5.478501247729585799e-01 -9.084117170686793941e+01
-4.967300442487851964e-01 1.666280570987843657e-01 8.517595633323308268e-01 3.891023877432240852e+02 1.317409688726360328e-01 9.845010303742393054e-01 -1.157671728624376228e-01 -2.354598128851372607e+01 -8.578482268216800488e-01 5.470659722141930220e-02 -5.109829820643290166e-01 -9.149746473957988258e+01
-6.758359627298448080e-01 1.731272769052808469e-01 7.164305252237544996e-01 3.907092259742676106e+02 9.055799352309618078e-02 9.841615613834828746e-01 -1.523983953468580621e-01 -2.329272143474826251e+01 -7.314677035181360587e-01 -3.811780537476619490e-02 -6.808098351399729520e-01 -8.835905284339929722e+01
-4.955910850197705608e-01 1.932813847077702041e-01 8.467772923114861294e-01 3.889078911498559705e+02 2.633463531099617533e-02 9.778210245068906792e-01 -2.077800062935143688e-01 -2.267658832243035860e+01 -8.681566468281890492e-01 -8.067434758176179888e-02 -4.896893772691967017e-01 -8.953721621749417636e+01
-4.456349013637154743e-01 2.037189099777943768e-01 8.717271020244864443e-01 3.886131845883064670e+02 1.627101739748170253e-02 9.754453988925021468e-01 -2.196395405483710928e-01 -2.258676744517386226e+01 -8.950669185482188484e-01 -8.369515814494844774e-02 -4.380072280495945214e-01 -9.035895235409093118e+01
-4.235028812820823552e-01 1.982224619684372080e-01 8.839418335597338805e-01 3.924539175173799208e+02 3.347348243150517072e-04 9.758007609232762780e-01 -2.186612972936773647e-01 -2.338213365663046162e+01 -9.058946944862703576e-01 -9.230780331438907804e-02 -4.133207857692376419e-01 -9.279927554178142657e+01
-4.085891607506565437e-01 1.897612383725310325e-01 8.927740868374236527e-01 3.962710946500200748e+02 -8.673966482873773920e-03 9.772969582388252308e-01 -2.116965226984020565e-01 -2.456689075184908333e+01 -9.126771937670675738e-01 -9.424079704917853739e-02 -3.976669613495784628e-01 -9.493549778347485812e+01
-4.095745747750700327e-01 1.912992877566857541e-01 8.919939743079003946e-01 4.010453538114790604e+02 -2.141998677129264977e-02 9.754808562105237169e-01 -2.190394561112276040e-01 -2.577130001125988201e+01 -9.120251377371895174e-01 -1.088194912254667190e-01 -3.954345286705398532e-01 -9.694513908134167934e+01
-5.953606740438063261e-01 1.518511015889727478e-01 7.889783968831580729e-01 3.993400236073825340e+02 3.262424509802229478e-02 9.857367514365998895e-01 -1.651021365670483909e-01 -2.605534217070263736e+01 -8.027959432096614112e-01 -7.255549471566971609e-02 -5.918229243216890367e-01 -8.993087397172789110e+01
-5.916838167294019568e-01 1.527280217885496061e-01 7.915708511441548190e-01 4.035838936487722890e+02 2.960477053305467926e-02 9.853446863745045636e-01 -1.679863285961559483e-01 -2.700276667353068660e+01 -8.056263517178505751e-01 -7.596051865335563813e-02 -5.875339828671195530e-01 -9.301895891596689125e+01
-4.836059938339596909e-01 1.086984210697127112e-01 8.685101588264914074e-01 4.047673418623030557e+02 -2.095199593117349351e-02 9.905370026241119286e-01 -1.356372378771462661e-01 -2.738639319941907857e+01 -8.750350030680885682e-01 -8.379200253838617329e-02 -4.767521827073670226e-01 -9.533822016867901539e+01
-4.122395987793137095e-01 1.048101123563754677e-01 9.050267142720773705e-01 4.092342489079023835e+02 -3.272548339667146616e-02 9.910163745991144024e-01 -1.296749320912998493e-01 -2.821287323434536631e+01 -9.104875374955586631e-01 -8.307457868850734450e-02 -4.051062310567464797e-01 -9.882705516802701595e+01
4.596052324036340453e-01 8.337298954604092927e-02 8.842013203797851606e-01 4.303418300004545358e+02 -4.920262431017822374e-02 9.964452317085072952e-01 -6.838129836711528964e-02 -2.951874230410584943e+01 -8.867593428367095409e-01 -1.207662285312997158e-02 4.620736121791331197e-01 -9.649249672662472221e+01
