1.000000000000000000e+00 0.000000000000000000e+00 0.000000000000000000e+00 0.000000000000000000e+00 0.000000000000000000e+00 1.000000000000000000e+00 0.000000000000000000e+00 0.000000000000000000e+00 0.000000000000000000e+00 0.000000000000000000e+00 1.000000000000000000e+00 0.000000000000000000e+00
9.999936948980354678e-01 1.163387688236315479e-03 3.355099590446026115e-03 -1.297001836478812835e-02 -1.162310034040199861e-03 9.999992723106629899e-01 -3.231308237962248441e-04 -4.349775674638382134e-02 -3.355473075397923024e-03 3.192291205042532528e-04 9.999943194304699023e-01 2.416272912916124671e+00
9.999868000645355526e-01 3.605071750449364274e-04 5.125400595818950175e-03 -1.302205347206847157e-02 -3.610372842314768212e-04 9.999999295726054171e-01 1.025029941460323980e-04 -8.621021304984255451e-02 -5.125363281785485538e-03 -1.043521018248376171e-04 9.999868597946016680e-01 4.826832044123452903e+00
9.999774592680611418e-01 -8.446033392291545094e-04 6.660900914484823784e-03 -1.048805652478754062e-02 8.461251918477638925e-04 9.999996165746098953e-01 -2.256607926068487837e-04 -1.365395405782924843e-01 -6.660707766667321728e-03 2.312916621115608420e-04 9.999777904914758375e-01 7.234620149348259588e+00
9.999713725048063884e-01 -1.354275960253354966e-03 7.444468246769149478e-03 -6.426044505250350786e-03 1.349617716744925785e-03 9.999988903613725721e-01 6.307202570510418889e-04 -1.748085654332993122e-01 -7.445314155381389798e-03 -6.206550148723300516e-04 9.999720906527741482e-01 9.686317552251836105e+00
9.999868328015367736e-01 -2.744187799085780980e-03 4.336318354845350616e-03 -1.544629835496954401e-02 2.738698641514195412e-03 9.999954416678523694e-01 1.271288035046223060e-03 -2.213391885194538611e-01 -4.339787241580888438e-03 -1.259395426556773152e-03 9.999897900328068578e-01 1.207208238435163317e+01
9.999967297025605939e-01 -2.297009525536266878e-03 1.124424930032937985e-03 -3.003230972267002807e-02 2.296545067166609177e-03 9.999972771641130187e-01 4.141800512454007132e-04 -2.597003957083569570e-01 -1.125373243931384031e-03 -4.115964042269730418e-04 9.999992820614731492e-01 1.447651819326236833e+01
9.999993168917514774e-01 -1.147007323726288849e-03 -2.249227189437055796e-04 -4.641672353401220252e-02 1.147042676074816383e-03 9.999993298046156998e-01 1.571095769829783796e-04 -2.990671349665759426e-01 2.247423623661106394e-04 -1.573674656175773714e-04 9.999999623631747880e-01 1.687418360631758318e+01
9.999972000971362185e-01 -1.857111596896168825e-03 -1.466606424478308912e-03 -5.935949363151234170e-02 1.858528446635202697e-03 9.999978070292865340e-01 9.653023521699915415e-04 -3.411137423676821046e-01 1.464810534060645734e-03 -9.680253791770820557e-04 9.999984586272941955e-01 1.926873046317776428e+01
9.999950107095590957e-01 -1.455170703863463812e-03 -2.803753593139575624e-03 -7.594682809272787494e-02 1.451617115243843213e-03 9.999981411479154092e-01 -1.269058101478120603e-03 -3.760205471624518125e-01 2.805595077547135517e-03 1.264981793075938346e-03 9.999952642174479989e-01 2.169790770396343760e+01
9.999890145723492330e-01 -4.212789299841008779e-04 -4.668325040599671273e-03 -9.536652371087406266e-02 4.154963553178094167e-04 9.999991453973042788e-01 -1.239583575480878710e-03 -4.151517149823606978e-01 4.668843261478809736e-03 1.237630286085385613e-03 9.999883350189011644e-01 2.410801689158889616e+01
9.999798442484975070e-01 1.416678045758000245e-04 -6.347521325950252966e-03 -1.238303928280764521e-01 -1.507470665563447033e-04 9.999989663190262945e-01 -1.429907759795885289e-03 -4.581515331748155506e-01 6.347312192745148754e-03 1.430835809150198326e-03 9.999788319443639883e-01 2.650497376954970363e+01
9.999627063015690265e-01 -1.400665886306525507e-03 -8.521979882422869856e-03 -1.451714966390323935e-01 1.401448139910465608e-03 9.999990142884055411e-01 8.582149715655315245e-05 -4.969227098394332631e-01 8.521851274965104930e-03 -9.776140941009439644e-05 9.999636835873362273e-01 2.892364044826440050e+01
9.999451562924943637e-01 -2.043667035741351598e-03 -1.027170055177045391e-02 -1.767614385891561612e-01 2.023601645171750531e-03 9.999960248891729409e-01 -1.963477077795063724e-03 -5.389106644543452118e-01 1.027567241400169536e-02 1.942583563297241430e-03 9.999453169676527642e-01 3.133132355262682367e+01
9.999285410485766468e-01 -2.268029144677068468e-03 -1.173749718905793375e-02 -2.152686194737424286e-01 2.248399599330140521e-03 9.999960522157543830e-01 -1.685304764408489947e-03 -5.808961396386258524e-01 1.174127317227478123e-02 1.658793750320180539e-03 9.999296929822555358e-01 3.375019336238812429e+01
9.999014687154587078e-01 -3.015712486338579038e-03 -1.370978989144741068e-02 -2.468576511575301113e-01 2.992181334343717650e-03 9.999940155801857466e-01 -1.736564043961680119e-03 -6.269786606685974206e-01 1.371494482417982830e-02 1.695370760664777774e-03 9.999045084439079911e-01 3.618423524651767309e+01
9.998842318087581837e-01 -4.292045204555249883e-03 -1.459799055249293501e-02 -2.908394688785601034e-01 4.275504283309046645e-03 9.999901824006025564e-01 -1.164115773482992354e-03 -6.753544425070447943e-01 1.460284367279279794e-02 1.101567234770612583e-03 9.998927660035824561e-01 3.859381439509988354e+01
9.998876515652429520e-01 -3.889249990285579238e-03 -1.447611763751737064e-02 -3.443242010203746428e-01 3.900370110305139814e-03 9.999921197131379502e-01 7.400166409628305790e-04 -7.192987564676041057e-01 1.447312545184405684e-02 -7.963957177981565057e-04 9.998949416781320876e-01 4.102186383126418434e+01
9.998936290930249271e-01 -2.003494750283375120e-03 -1.444702419063265825e-02 -3.949252650504636586e-01 2.011625152637855438e-03 9.999978263832238756e-01 5.482636900018463553e-04 -7.663516775033516470e-01 1.444589434491381531e-02 -5.772673679385220040e-04 9.998954859878911305e-01 4.344832784828651739e+01
9.999239752604185405e-01 8.897574877842133294e-04 -1.229845644841385220e-02 -4.464318233611668796e-01 -8.276479677064839955e-04 9.999868841582829626e-01 5.054355572286612155e-03 -7.988349841916613236e-01 1.230279229452207329e-02 -5.043792523735018962e-03 9.999115968218064143e-01 4.587542560760810062e+01
9.999537267914769822e-01 1.657344460676437366e-03 -9.476153500943881175e-03 -4.796495263760083838e-01 -1.553513868058545040e-03 9.999387972228200860e-01 1.095392182017500098e-02 -8.207033811224294650e-01 9.493727955683985489e-03 -1.093869361118690424e-02 9.998951015539496723e-01 4.829179058150957360e+01
9.999741544917943870e-01 -1.212691398849841725e-03 -7.086587894796374243e-03 -5.026332477759661854e-01 1.286004969016523803e-03 9.999456102116253131e-01 1.035001496236429008e-02 -8.313368278857704574e-01 7.073651082657644862e-03 -1.035886084821373461e-02 9.999213256363160829e-01 5.072229411714841518e+01
9.999850846802728066e-01 2.898585345632399618e-04 -5.454025945651918249e-03 -5.303702140494035433e-01 -2.461452834144630362e-04 9.999678584992570674e-01 8.013824362335754403e-03 -8.479284450276525220e-01 5.456173520458840881e-03 -8.012362350821013168e-03 9.999530150062417855e-01 5.314828992402971153e+01
9.999843748629563267e-01 -9.025552581217825008e-04 -5.516830969575071617e-03 -5.723380070143901932e-01 9.351898334467490144e-04 9.999820645453828538e-01 5.915742348191734001e-03 -8.677007359762559657e-01 5.511392738341524579e-03 -5.920809198142421709e-03 9.999672837490846122e-01 5.560133269658835786e+01
9.999612161760353946e-01 -6.933913887496418686e-04 -8.779826429079090958e-03 -6.040468449610261192e-01 7.564585978059156640e-04 9.999739236061736536e-01 7.181913259386039396e-03 -8.905468107612412032e-01 8.774617606058585442e-03 -7.188276292515980576e-03 9.999356653154288788e-01 5.803759843132043272e+01
9.999456007680289638e-01 1.366858089687801440e-04 -1.042961272790972165e-02 -6.500299357627793428e-01 -6.169526049399690873e-05 9.999741487092058678e-01 7.190139567148334278e-03 -9.171887779512291061e-01 1.043032589900154752e-02 -7.189104971404016234e-03 9.999197593163915432e-01 6.045427555125916541e+01
9.999401769861033795e-01 3.376236138857695323e-04 -1.093290717487733869e-02 -6.958457648761041670e-01 -2.649445722723057454e-04 9.999778633906546421e-01 6.648498555011662578e-03 -9.462393547761021040e-01 1.093490984749124866e-02 -6.645204207375073752e-03 9.999181311525804361e-01 6.287941599033354834e+01
9.999355132512139921e-01 -7.131121034526187712e-04 -1.133405532711322279e-02 -7.375835642474311005e-01 7.909057564425315016e-04 9.999761522852383955e-01 6.860709066516240857e-03 -9.714076565910527705e-01 1.132889258112108020e-02 -6.869230811296226855e-03 9.999122310787813550e-01 6.530070414419630254e+01
9.999262187389329481e-01 -1.208233302934756236e-03 -1.208706956810431596e-02 -7.729400726120227993e-01 1.292276647472717557e-03 9.999750289503707146e-01 6.947769194002274655e-03 -1.001376828810290220e+00 1.207837321516894505e-02 -6.962876416568776657e-03 9.999028109033811784e-01 6.772684522706205712e+01
9.999265891047713906e-01 2.749653250161279185e-03 -1.180066982422455467e-02 -8.317049752631104909e-01 -2.672286594221012519e-03 9.999748670911654536e-01 6.566891986751131373e-03 -1.037102229081573235e+00 1.181842991496048940e-02 -6.534875133557408941e-03 9.999088059024854314e-01 7.013973933876600597e+01
9.999145447153673372e-01 5.950274060205266308e-03 -1.164033956836468993e-02 -8.784181005574431822e-01 -5.867964127776109824e-03 9.999576307230063632e-01 7.092514069644679196e-03 -1.062270649751381857e+00 1.168204877808345053e-02 -7.023602881813797646e-03 9.999070950537882752e-01 7.252337313285786990e+01
9.999263057839173907e-01 8.773015430825726116e-03 -8.391495789005229758e-03 -9.250028530975425989e-01 -8.699850395886419424e-03 9.999241684595253643e-01 8.716073291173756510e-03 -1.089366008424307530e+00 8.467325694432321914e-03 -8.642426209023185840e-03 9.999268037535580245e-01 7.491585111618225312e+01
9.999847763323727046e-01 4.418857484526581177e-03 -3.304663678009452620e-03 -9.457140001893042935e-01 -4.413933882695266799e-03 9.999891399649059043e-01 1.495707166576332355e-03 -1.118464689348093399e+00 3.311237106053604128e-03 -1.481097829448278086e-03 9.999934210073821994e-01 7.728497782752573642e+01
9.999875397092270468e-01 4.520788287299442459e-03 2.117285891705295107e-03 -9.592025182841948938e-01 -4.530083198772714287e-03 9.999800326140144691e-01 4.405986777987334901e-03 -1.151297582842719880e+00 -2.097325081620750233e-03 -4.415523359355948835e-03 9.999880521191067961e-01 7.964061481704398204e+01
9.999327384805029029e-01 5.006210609048439807e-03 1.046213984895772754e-02 -9.695349840503554306e-01 -5.049014931343178900e-03 9.999789753073816678e-01 4.068954585993521562e-03 -1.186207096798593597e+00 -1.044154984206716215e-02 -4.121504402236486966e-03 9.999369916341520614e-01 8.198251099848991430e+01
9.998399838978746512e-01 3.805166803862978803e-03 1.747933936656233256e-02 -9.471973811322647041e-01 -3.760888741168256968e-03 9.999896373217485035e-01 -2.565339157961390310e-03 -1.226513681156652158e+00 -1.748891977719697899e-02 2.499190811761945949e-03 9.998439336868096827e-01 8.431203808551666157e+01
9.996898643762957004e-01 3.932157809598251647e-03 2.459091698702003254e-02 -9.082667046351444728e-01 -3.894448399193693733e-03 9.999911665434940700e-01 -1.581172555028056981e-03 -1.277846618773455623e+00 -2.459691718423499471e-02 1.484914119796719575e-03 9.996963472450466348e-01 8.665449450515653496e+01
9.994168655390234246e-01 4.261817537277173482e-03 3.387869223318612510e-02 -8.796942620798464674e-01 -4.164738426528243574e-03 9.999870186835884134e-01 -2.935543927136628414e-03 -1.333652373765201515e+00 -3.389076319575277940e-02 2.792736218926936999e-03 9.994216411477294670e-01 8.897015728763514630e+01
9.992044503051517035e-01 3.897637975232980112e-03 3.968973303754821935e-02 -7.925861931230943069e-01 -3.666261653596253594e-03 9.999758695803530051e-01 -5.900744233148394989e-03 -1.382576434735530491e+00 -3.971177427243963859e-02 5.750536951597309300e-03 9.991946288431013956e-01 9.128301208097273900e+01
9.990304024032642394e-01 2.091826693156729686e-03 4.397589493183463871e-02 -6.831574946945715432e-01 -1.935339651763921158e-03 9.999916445064793713e-01 -3.600746819799747773e-03 -1.426924193623646531e+00 -4.398305962984246087e-02 3.512147251153441979e-03 9.990261034063544487e-01 9.360956652927447408e+01
9.988931271579852833e-01 -5.894366103942562298e-04 4.703374406765650079e-02 -5.449151390600484035e-01 6.741617002971850943e-04 9.999981787005820522e-01 -1.785525558958325201e-03 -1.461732749835661371e+00 -4.703260595099260227e-02 1.815257558080393989e-03 9.988917052501017357e-01 9.595949066013034212e+01
9.986961704638952497e-01 -2.539269416240529272e-03 5.098540194585258339e-02 -4.126191206522026866e-01 2.969167551610889765e-03 9.999606646842758018e-01 -8.357818389579144483e-03 -1.495686943443695016e+00 -5.096217366634658158e-02 8.498305420168886931e-03 9.986644259510731869e-01 9.832327853843219145e+01
9.984893190759128734e-01 -1.724996984238508311e-03 5.491906842547737699e-02 -3.063448955399923346e-01 2.394822015625763714e-03 9.999235233007293111e-01 -1.213311078703877346e-02 -1.553997924565427402e+00 -5.489393881688011539e-02 1.224630292216596049e-02 9.984170889692879358e-01 1.006657771522528861e+02
9.986169743841580848e-01 -1.420603544831945935e-03 5.255587842854674702e-02 -1.350862908436708809e-01 1.960111341447880011e-03 9.999459013996682133e-01 -1.021529429508317988e-02 -1.606403961635446409e+00 -5.253852334579747763e-02 1.030418165476727765e-02 9.985657351446965979e-01 1.030877551251429907e+02
9.988640468280924889e-01 -1.605268212365041757e-03 4.762393377463210176e-02 8.857057931811712637e-03 2.007199767396172091e-03 9.999627630277226897e-01 -8.393074946478867870e-03 -1.653686442930490497e+00 -4.760868726711483395e-02 8.479131555166300946e-03 9.988300742492548512e-01 1.055079886180510869e+02
9.991904550004047092e-01 -6.046574232713093676e-04 4.022522871883297407e-02 1.511963149726577305e-01 9.491589068419181490e-04 9.999630337951288528e-01 -8.545767409223073083e-03 -1.697935082262509665e+00 -4.021857448308564092e-02 8.577029360067477473e-03 9.991540926373191356e-01 1.079909996089847795e+02
9.994701582569994747e-01 1.639590990189349366e-03 3.250714529316393181e-02 2.098271227235402048e-01 -1.341280315190706250e-03 9.999568121496207329e-01 -9.196455985053964693e-03 -1.746040220406007926e+00 -3.252081980581152110e-02 9.147982124700663673e-03 9.994291924404667959e-01 1.104000042712513903e+02
9.996954122313463920e-01 3.635173621598925767e-03 2.441041327665423311e-02 2.528769358714967330e-01 -3.434334140202773694e-03 9.999599508614462895e-01 -8.264503747244592025e-03 -1.784936415336699334e+00 -2.443947856664835383e-02 8.178152964796731386e-03 9.996678596921447779e-01 1.128443082546819909e+02
9.998807820217160414e-01 4.535559990568920931e-03 1.475975742386450781e-02 2.915737168162377269e-01 -4.419273484839770366e-03 9.999590155789973567e-01 -7.901720328465552598e-03 -1.836758048256015075e+00 -1.479499123033080343e-02 7.835550896717087890e-03 9.998598463667988101e-01 1.152997873207802684e+02
9.999758549656398987e-01 5.999804298737526111e-03 3.505971208091547553e-03 3.321330067091941562e-01 -5.968230317733112973e-03 9.999421561049941509e-01 -8.947886396841332746e-03 -1.885246226748316767e+00 -3.559453976329467542e-03 8.926745906159614177e-03 9.999538206811933172e-01 1.178061482805161546e+02
9.999471055334713254e-01 9.231865512481059882e-03 -4.534180674610346386e-03 3.026025199706535718e-01 -9.275184583795668611e-03 9.999106357460563199e-01 -9.627641084652589776e-03 -1.948165090914785846e+00 4.444894393241173580e-03 9.669187198406791958e-03 9.999433732630833571e-01 1.202646600831104706e+02
9.999034679365140788e-01 1.251410342241486909e-02 -6.037551164470009168e-03 2.336946355124753238e-01 -1.257178851285559000e-02 9.998747627179187525e-01 -9.612960697660878975e-03 -2.016486212314885229e+00 5.916497453605616338e-03 9.687935555103801416e-03 9.999355674055006027e-01 1.227529461892616354e+02
9.998414649473792437e-01 1.623124367117602038e-02 -7.320635270474926994e-03 1.822439838799095324e-01 -1.629651293036374349e-02 9.998271810085189726e-01 -8.946048450007642108e-03 -2.074467423003582223e+00 7.174164633384272349e-03 9.063931015089661189e-03 9.999331860261290172e-01 1.252702141022531634e+02
9.997703741861683202e-01 1.948067302636407455e-02 -8.927613235711570963e-03 1.386821791252917935e-01 -1.954016382837700169e-02 9.997871189420756144e-01 -6.625616579999963826e-03 -2.131418401292466402e+00 8.796641245768186193e-03 6.798542192622854599e-03 9.999381975536520972e-01 1.278219377168998534e+02
9.997545510175680494e-01 1.934376480426992090e-02 -1.080076306822497223e-02 1.023923118760493994e-01 -1.938534941589742377e-02 9.998050207395514644e-01 -3.758820560978262931e-03 -2.187006600642010579e+00 1.072594740255664210e-02 3.967274528332307391e-03 9.999346052543298669e-01 1.303419118078476799e+02
9.998027276894320137e-01 1.625190832830629428e-02 -1.141845788439562262e-02 4.281464467947836139e-02 -1.630782291195375516e-02 9.998553963172135406e-01 -4.820930119913668585e-03 -2.229617577268784068e+00 1.133845741896780113e-02 5.006189272996171107e-03 9.999231857759470765e-01 1.328848325280869744e+02
9.998542736703246447e-01 1.073422649699996498e-02 -1.327432878516622040e-02 1.091340511029195021e-02 -1.075231438960529314e-02 9.999413575116612440e-01 -1.292003484586108121e-03 -2.279276481126662368e+00 1.325968168745678306e-02 1.434544962069485979e-03 9.999110575057649219e-01 1.354330291182606345e+02
9.998980155975005779e-01 4.759470403022469584e-03 -1.346498591387573426e-02 -3.242156025580320705e-02 -4.789559382276813160e-03 9.999861028197574164e-01 -2.203244942868800432e-03 -2.324834885005026663e+00 1.345431250944334294e-02 2.267511595865790569e-03 9.999069156006767933e-01 1.379841747381903474e+02
9.999138256525641477e-01 9.409508557357032944e-04 -1.309411624884919932e-02 -8.124554425435963345e-02 -9.890802920583968184e-04 9.999927776193493489e-01 -3.669663379033285319e-03 -2.373797881871443138e+00 1.309056870526061588e-02 3.682298280509965598e-03 9.999075345702441719e-01 1.405411141375602995e+02
9.999253804490281228e-01 1.647562369404634254e-03 -1.210450627258357822e-02 -1.265091861992593825e-01 -1.665886205635918986e-03 9.999974815867288536e-01 -1.503876108917059744e-03 -2.420836093499727060e+00 1.210199805874905866e-02 1.523928620382647078e-03 9.999256068751032345e-01 1.430997921825839398e+02
9.999342872002741078e-01 4.189297980757577394e-03 -1.067103854861727909e-02 -1.793740064835128989e-01 -4.207737241566187648e-03 9.999896920186589488e-01 -1.706107773523403209e-03 -2.472206349341802500e+00 1.066378115790047112e-02 1.750896586712197972e-03 9.999416073614281197e-01 1.456773743606458709e+02
9.999402487059014799e-01 4.520454590908719664e-03 -9.953115505684182254e-03 -2.213383403172494990e-01 -4.582589889496192607e-03 9.999701000887758484e-01 -6.228868143527095842e-03 -2.525280079432845604e+00 9.924660592818606783e-03 6.274107007080104853e-03 9.999310659707391080e-01 1.482383201664854084e+02
9.999598954610969814e-01 3.871384639185077112e-03 -8.075880782033176622e-03 -2.801420113342174001e-01 -3.990554069584264021e-03 9.998826193486227698e-01 -1.479266719547209404e-02 -2.583912591384475821e+00 8.017664725333431205e-03 1.482430118129530322e-02 9.998579684869425277e-01 1.507906170355450683e+02
9.999553485894250304e-01 3.250089596565006005e-03 -8.873429157528261654e-03 -3.074437059925759219e-01 -3.387701216392232598e-03 9.998735460294340127e-01 -1.553754906653050452e-02 -2.668482066505127648e+00 8.821808650601526205e-03 1.556691581979834441e-02 9.998399105976861767e-01 1.533533102462877480e+02
9.999450481173385308e-01 4.866146621113968430e-03 -9.285545900670523489e-03 -3.471872749722288987e-01 -4.995622978412044002e-03 9.998899075480969234e-01 -1.397199107203845637e-02 -2.756175850607077482e+00 9.216533875009645313e-03 1.401761037129301869e-02 9.998592711490986717e-01 1.558850231591428042e+02
9.999292145699135714e-01 5.607229533994946384e-03 -1.049403766656550191e-02 -3.856150402201386496e-01 -5.752111780591913012e-03 9.998878535933298783e-01 -1.382727184185528549e-02 -2.840329717415527089e+00 1.041532811090352915e-02 1.388665595015887468e-02 9.998493295126327229e-01 1.584524220591477786e+02
9.999010906626883965e-01 5.638409447449139848e-03 -1.288476738120527751e-02 -4.085393490156548624e-01 -5.794310226160795385e-03 9.999100705628116703e-01 -1.209449279950148767e-02 -2.925728335245199041e+00 1.281541495886358469e-02 1.216795488063219730e-02 9.998438408138803357e-01 1.610054784785581035e+02
9.998771447408401070e-01 7.060132225830720656e-03 -1.399464032611689134e-02 -4.659510116459944506e-01 -7.238008355992921541e-03 9.998931464042291051e-01 -1.270066962371691789e-02 -3.004526027758676943e+00 1.390347654157650555e-02 1.280040260327834981e-02 9.998214055686389656e-01 1.635404068764166823e+02
9.998510445785865342e-01 8.076342232357668072e-03 -1.525324068038241832e-02 -5.293061093098352377e-01 -8.290735136028464999e-03 9.998669916202166386e-01 -1.404502685093011495e-02 -3.083479392433249977e+00 1.513777942804232085e-02 1.416939534648392444e-02 9.997850148254373570e-01 1.661053804645550258e+02
9.998347039021405758e-01 8.174091276385825333e-03 -1.624035420557060766e-02 -5.974637042200168224e-01 -8.438007744890247547e-03 9.998323685426004914e-01 -1.624914889439612459e-02 -3.163463659725242128e+00 1.610480978510006947e-02 1.638349920805671697e-02 9.997360731990631022e-01 1.686639048263218399e+02
9.998047186628012950e-01 8.757391365763570260e-03 -1.771532207051093946e-02 -6.578516123717765840e-01 -9.022132403991887234e-03 9.998479876536039423e-01 -1.491987640449753821e-02 -3.243116085338415999e+00 1.758196992603282965e-02 1.507679281238194849e-02 9.997317463459934883e-01 1.712242728956763074e+02
9.997621370879384850e-01 9.490569763630409689e-03 -1.963665783472909668e-02 -7.086377901186851069e-01 -9.773823134787921335e-03 9.998488413660916452e-01 -1.437938803342515316e-02 -3.321436870819332032e+00 1.949722099906673820e-02 1.456789293094885862e-02 9.997037735593795604e-01 1.737885889766879473e+02
9.997372904143353445e-01 1.042225812910087257e-02 -2.041388474769093714e-02 -7.856845559323100137e-01 -1.072934349529871233e-02 9.998300512953782748e-01 -1.499165484005270110e-02 -3.405072441702599040e+00 2.025416853789635194e-02 1.520674397015266653e-02 9.996792103443293831e-01 1.763515756512417454e+02
9.997122848542981943e-01 1.096613142910678011e-02 -2.133287305725178537e-02 -8.592283233169045742e-01 -1.127172000518445079e-02 9.998348200435716038e-01 -1.425766308220318378e-02 -3.501297607511359100e+00 2.117299788697832655e-02 1.449401910859961576e-02 9.996707595856521023e-01 1.788862925870164133e+02
9.997182137924387479e-01 1.018590403812226139e-02 -2.144155709319340089e-02 -9.329149622236266870e-01 -1.056639170221742620e-02 9.997873756309836324e-01 -1.770748133722395770e-02 -3.578435395062510516e+00 2.125663138998792195e-02 1.792905150416462465e-02 9.996132775899428946e-01 1.814150128955110688e+02
9.997476727323997281e-01 7.663406962167660860e-03 -2.111546968176900366e-02 -1.008835997584516475e+00 -7.956122116080995010e-03 9.998729337467877620e-01 -1.381363389801535356e-02 -3.665638829542558597e+00 2.100692711996483136e-02 1.397814559684480880e-02 9.996816095430818283e-01 1.839493342602466441e+02
9.997491115545416029e-01 7.997076309046086129e-03 -2.092273204939646553e-02 -1.075351795160888857e+00 -8.213010958541822060e-03 9.999136861344557481e-01 -1.025508322749261320e-02 -3.740049890305850777e+00 2.083891544438964960e-02 1.042434897320797076e-02 9.997284994195089203e-01 1.864948897390957541e+02
9.997200181288693477e-01 1.098403715374503611e-02 -2.095796460100618833e-02 -1.141543490335243272e+00 -1.132170654558797493e-02 9.998069017507255074e-01 -1.606169892987109604e-02 -3.805240014557916162e+00 2.077749535693539096e-02 1.629448187035659884e-02 9.996513319889420712e-01 1.890133267606344134e+02
9.997236932168342971e-01 1.076293740717139229e-02 -2.089728210224844895e-02 -1.213134619667814773e+00 -1.106685882580458330e-02 9.998338724703712543e-01 -1.448282074163670732e-02 -3.894334086069120460e+00 2.073793279527530800e-02 1.471008631089503263e-02 9.996767234982025796e-01 1.915197174380206775e+02
9.997441868330468884e-01 1.071945986376033819e-02 -1.991617618314203350e-02 -1.282016716967955272e+00 -1.095453382985352858e-02 9.998711732247230755e-01 -1.173180049222512754e-02 -3.974760384122030477e+00 1.978785188188244767e-02 1.194697176894672294e-02 9.997328196990683535e-01 1.940255010177860981e+02
9.998149576402063365e-01 9.481040853395239498e-03 -1.673799101587482990e-02 -1.347519828121953367e+00 -9.711705407098460141e-03 9.998582474589041702e-01 -1.375382733996721209e-02 -4.057737048562490401e+00 1.660521776421470738e-02 1.391383673715288274e-02 9.997653084050537320e-01 1.965012126453424628e+02
9.998709215540354522e-01 8.720598512004091446e-03 -1.349412436118102750e-02 -1.407057102817062866e+00 -8.933816253764633245e-03 9.998349117466673874e-01 -1.582201566427850203e-02 -4.142359071920247438e+00 1.335391919350117050e-02 1.594052741063278072e-02 9.997837628347652217e-01 1.989618737933002990e+02
9.999021612126550718e-01 8.582612884315271931e-03 -1.104566694855472000e-02 -1.447125037613958165e+00 -8.733602039082650342e-03 9.998680812626368208e-01 -1.369468026640829374e-02 -4.219717289798318838e+00 1.092667367881647658e-02 1.378980885488288732e-02 9.998452125074462904e-01 2.014104881235894879e+02
9.999175844656822409e-01 9.362767491374253057e-03 -8.784239364699304720e-03 -1.485889875309696961e+00 -9.481709011607625942e-03 9.998625886078019720e-01 -1.359783426607880617e-02 -4.295726492672718777e+00 8.655718949519265043e-03 1.368000319484660374e-02 9.998689594352119236e-01 2.038387475364265811e+02
9.999306683531462570e-01 9.567139272989737264e-03 -6.865007863079557703e-03 -1.519467161269500544e+00 -9.656804566992546399e-03 9.998669141248002212e-01 -1.314915069909899752e-02 -4.380093552040372096e+00 6.738294471440043829e-03 1.321453308611094182e-02 9.998899796992315459e-01 2.062476025974031870e+02
9.999416767744436774e-01 9.676542789247273221e-03 -4.796620597957146175e-03 -1.558536085600330745e+00 -9.739267403527441733e-03 9.998650387966744324e-01 -1.323067884012430612e-02 -4.459435738062008880e+00 4.667946010342111790e-03 1.327662275489483595e-02 9.999009658802545664e-01 2.086269809509241782e+02
9.999549777820800900e-01 8.789365693957083142e-03 -3.576235386060458432e-03 -1.590915187025305322e+00 -8.833711101973522675e-03 9.998818579826862507e-01 -1.257917426786081191e-02 -4.539019023001973352e+00 3.465249919629332861e-03 1.261019935576880059e-02 9.999144838010897152e-01 2.109528287089429739e+02
9.999558972197770679e-01 8.402222639052785505e-03 -4.195982615977104403e-03 -1.622608807970086220e+00 -8.450234361044193718e-03 9.998974890293398365e-01 -1.155876170132234815e-02 -4.617219454616710905e+00 4.098433192480015717e-03 1.159370896427527366e-02 9.999243915205868749e-01 2.132328422753390953e+02
9.999500095925186738e-01 8.849421722346472244e-03 -4.654680558439257092e-03 -1.655516067272693403e+00 -8.911449135605030783e-03 9.998694521780888689e-01 -1.347830387679028671e-02 -4.690175615530048248e+00 4.534797704923021130e-03 1.351911003992635821e-02 9.998983294683021494e-01 2.154392563158485245e+02
9.999527406313760691e-01 8.042266959770082158e-03 -5.462457866840694266e-03 -1.697214696003774392e+00 -8.117023233026090731e-03 9.998717732001840552e-01 -1.380402446234761833e-02 -4.762392805024249220e+00 5.350741783503917999e-03 1.384771099028163539e-02 9.998897991592340384e-01 2.176171393040303030e+02
9.999378680271616693e-01 6.787310430526277347e-03 -8.842652453504183316e-03 -1.729827157898617740e+00 -6.889232083367962181e-03 9.999095971188777243e-01 -1.154712392190839279e-02 -4.832715991171047776e+00 8.763479137607881053e-03 1.160732556130327983e-02 9.998942301197242255e-01 2.197278673872052366e+02
9.998864276854037003e-01 7.619985018022954783e-03 -1.300259815752005145e-02 -1.776281011467390814e+00 -7.744636045311377101e-03 9.999242785709280268e-01 -9.563353854028944917e-03 -4.904937997242014625e+00 1.292874096911616165e-02 9.662968112169883703e-03 9.998697288668230154e-01 2.217758052128283452e+02
9.998081251568121663e-01 7.959832210493318974e-03 -1.789843405440326093e-02 -1.832017057617843392e+00 -8.140363774056637650e-03 9.999164999676266596e-01 -1.003631257583332409e-02 -4.965015462419133385e+00 1.781705217046457637e-02 1.018008662412047370e-02 9.997894370757662852e-01 2.237428080456118380e+02
9.996887262194428247e-01 9.165376305222591377e-03 -2.320445101548851419e-02 -1.895546634913066741e+00 -9.391368316600676863e-03 9.999093454492135047e-01 -9.648993961540078268e-03 -5.032112543412062600e+00 2.311391076578109965e-02 9.863912028782083341e-03 9.996841753116818552e-01 2.256232874442281116e+02
9.995328031581017791e-01 9.050950413506437739e-03 -2.919341890766648587e-02 -1.965805661926345316e+00 -9.367332589970172457e-03 9.998986734280465027e-01 -1.071895316642140598e-02 -5.093029176634406241e+00 2.909344412501096641e-02 1.098740976970004508e-02 9.995163071883794714e-01 2.274028201905845776e+02
9.993242993128624851e-01 1.073285380014190465e-02 -3.515324525787213300e-02 -2.040397439840969440e+00 -1.115170238374586786e-02 9.998688902071344309e-01 -1.174061028651881243e-02 -5.149348904124720683e+00 3.502262606943814388e-02 1.212469567701942273e-02 9.993129677022796198e-01 2.290997295907542650e+02
9.991847949095963299e-01 1.418320959215081840e-02 -3.779658962303639180e-02 -2.120865532618399829e+00 -1.463847129182071702e-02 9.998232734236293107e-01 -1.179563812176602500e-02 -5.195949980582416750e+00 3.762260995339961750e-02 1.233930654965015479e-02 9.992158329080688128e-01 2.307129466110907572e+02
9.992179028728311874e-01 1.419841985192216507e-02 -3.690511417309433329e-02 -2.189300040549313486e+00 -1.458586091530208843e-02 9.998410789779983432e-01 -1.025033899313167358e-02 -5.247536140057558640e+00 3.675371055798380693e-02 1.078061509484474698e-02 9.992662023196794419e-01 2.322688265180431983e+02
9.992485378863837919e-01 1.511786719795529636e-02 -3.569046964258851956e-02 -2.259550853092594735e+00 -1.559010048762584331e-02 9.997940788339073626e-01 -1.299033084438906693e-02 -5.294449581366919233e+00 3.548673412289830853e-02 1.353698711109468933e-02 9.992784605310185420e-01 2.337580656579230549e+02
9.992924216061511711e-01 1.550842572532191467e-02 -3.426579711659690636e-02 -2.305511902272634916e+00 -1.607629420423760391e-02 9.997369242875778772e-01 -1.635955319300944066e-02 -5.349364351938127982e+00 3.400307170201546936e-02 1.689884456222617501e-02 9.992788500550218167e-01 2.352302486233636785e+02
9.993882340068250825e-01 1.583350743781284861e-02 -3.118425517685654083e-02 -2.356716520016704841e+00 -1.637213145994843161e-02 9.997198458071673288e-01 -1.709336744922922494e-02 -5.402091145081429069e+00 3.090487081637370570e-02 1.759346303355102323e-02 9.993674794680421636e-01 2.366736945709504312e+02
9.995007581861494739e-01 1.607602024054812992e-02 -2.719919040223502810e-02 -2.407716495235894705e+00 -1.655758595894949933e-02 9.997084659420337749e-01 -1.757354463505010622e-02 -5.451445653120120305e+00 2.690874825263240080e-02 1.801512411984956819e-02 9.994755497611835793e-01 2.381004972356349185e+02
9.996163635023128657e-01 1.614774217052295305e-02 -2.250280518525505508e-02 -2.443984045510534830e+00 -1.654587240010386637e-02 9.997078414684286152e-01 -1.762004009805341956e-02 -5.504174101689073062e+00 2.221170693419823386e-02 1.798560895082072439e-02 9.995914955349185504e-01 2.395326943971981564e+02
9.997549506226202087e-01 1.442212721013349901e-02 -1.679407491636047273e-02 -2.468073835655526960e+00 -1.470298239328891865e-02 9.997520703884418269e-01 -1.672184388065193344e-02 -5.557015584158166099e+00 1.654874660825522009e-02 1.696466919102716450e-02 9.997191300485014365e-01 2.409523085458920946e+02
9.998410637547598956e-01 1.415043165251123579e-02 -1.084493032696912454e-02 -2.488606736654376483e+00 -1.433454888279962237e-02 9.997511634534123059e-01 -1.709186595656735086e-02 -5.609367947362593476e+00 1.060037443092629386e-02 1.724460662347057291e-02 9.997951068115522588e-01 2.423553111312914154e+02
9.998817546757589048e-01 1.481267603010017093e-02 -4.130532090628438908e-03 -2.513074844079676851e+00 -1.488495363539344904e-02 9.997262058344122959e-01 -1.805412759468000283e-02 -5.660142771534393269e+00 3.861971231975182620e-03 1.811347555716719820e-02 9.998284788809730372e-01 2.437370971341932488e+02
9.998821256990023665e-01 1.505467909545818612e-02 3.015185728292251247e-03 -2.532515311648156242e+00 -1.499911142036059949e-02 9.997312921910763706e-01 -1.767399418815874396e-02 -5.711144788686912221e+00 -3.280451835179395460e-03 1.762668577175625917e-02 9.998392563729719962e-01 2.451385250189538567e+02
9.998503808646902469e-01 1.516737014032593783e-02 8.316656044284156599e-03 -2.531091890409333356e+00 -1.502080598616961811e-02 9.997355818447616338e-01 -1.741096726331721814e-02 -5.760284428461457829e+00 -8.578535554418960374e-03 1.728343937255549106e-02 9.998138283956637951e-01 2.465552303678491626e+02
9.997926231072568060e-01 1.581318645372137635e-02 1.283175414701663922e-02 -2.526137262639410519e+00 -1.553335945981127765e-02 9.996455474667286234e-01 -2.162161358083912466e-02 -5.807852321194762801e+00 -1.316911250623697960e-02 2.141780950813310797e-02 9.996838759886390591e-01 2.479701716333304375e+02
9.997694066659604806e-01 1.549144875347158862e-02 1.487106285074776824e-02 -2.518468215854827719e+00 -1.513107131751509869e-02 9.995963014314579453e-01 -2.404755383269636254e-02 -5.856829565417542405e+00 -1.523759087180772895e-02 2.381699351452067071e-02 9.996002034035157413e-01 2.494040742942518420e+02
9.997581138267743750e-01 1.600200125336509460e-02 1.508806791530986277e-02 -2.503376015554932277e+00 -1.562324057219685244e-02 9.995679686376547357e-01 -2.489559052559328634e-02 -5.917442558817528564e+00 -1.547992866756700212e-02 2.465384411166031756e-02 9.995761900820580026e-01 2.508753016904960873e+02
9.997422148754535609e-01 1.608591001179524374e-02 1.602333595148476217e-02 -2.495568415326176126e+00 -1.564053364605430194e-02 9.994982417492507265e-01 -2.754339208276682452e-02 -5.974633162234257000e+00 -1.645835663692949910e-02 2.728567828093708680e-02 9.994921781872825317e-01 2.523569984194312212e+02
9.998119006726389202e-01 9.387156851945721234e-03 1.697187554755062028e-02 -2.470264687481964039e+00 -8.865512050429685473e-03 9.994937963487809940e-01 -3.055411193910480966e-02 -6.040289042660906382e+00 -1.725010056342463766e-02 3.039790036401571888e-02 9.993890141901745627e-01 2.538722993039069138e+02
9.997090419189843535e-01 1.582645788130368492e-02 1.820315182481661853e-02 -2.462834394162312979e+00 -1.544384656209582540e-02 9.996607969808828376e-01 -2.097089847656936554e-02 -6.094840107012761798e+00 -1.852887230223264695e-02 2.068367014046244151e-02 9.996143589808650365e-01 2.554354523308512341e+02
9.996746955572693993e-01 1.427922737549103781e-02 2.113307190257833826e-02 -2.433571068643381352e+00 -1.386280912108232496e-02 9.997093979806138675e-01 -1.972161536265371745e-02 -6.152427520506805081e+00 -2.140854001918286384e-02 1.942223609163086853e-02 9.995821382755123441e-01 2.570196342703818004e+02
9.994290721508143349e-01 1.781928273436711105e-02 2.870545074711251463e-02 -2.404810754504823844e+00 -1.696360886183658628e-02 9.994124783170978965e-01 -2.978143983188452290e-02 -6.206456188217220671e+00 -2.921926956898193012e-02 2.927748873981889793e-02 9.991441652429053910e-01 2.586152675507858021e+02
9.992049337223883887e-01 1.797131274739646734e-02 3.558837370508059761e-02 -2.356010435565922378e+00 -1.700039379106993084e-02 9.994800020422613951e-01 -2.739912641948623329e-02 -6.275843153662719054e+00 -3.606226609332467692e-02 2.677232593066394134e-02 9.989908685911368380e-01 2.602813792483681823e+02
9.990710120152387352e-01 1.256858581439910562e-02 4.122066959030102479e-02 -2.288313342182993537e+00 -1.164653334801832307e-02 9.996782578161564903e-01 -2.253306704886788928e-02 -6.343210613632251693e+00 -4.149061594891276239e-02 2.203205619730857698e-02 9.988959491798412582e-01 2.619553221526898028e+02
9.988102349570590066e-01 1.573670752193009892e-02 4.615702093283124974e-02 -2.210829025875319598e+00 -1.460789938736742691e-02 9.995883718078591995e-01 -2.469202749882016060e-02 -6.401488301947792614e+00 -4.652659261662236284e-02 2.398839266985530391e-02 9.986289767459188838e-01 2.636519017196715708e+02
9.986009657013031893e-01 1.671850924426556556e-02 5.016575275099654369e-02 -2.117572021605448107e+00 -1.535208096976705197e-02 9.995038792647640280e-01 -2.750107169887714906e-02 -6.458959590272314699e+00 -5.060064140228283380e-02 2.669244805817687013e-02 9.983622029636020079e-01 2.653454480841685381e+02
9.981955791745693585e-01 1.880369281879131632e-02 5.702636980136784745e-02 -2.055346258618999222e+00 -1.746477602891246400e-02 9.995620973879155713e-01 -2.388713176026282387e-02 -6.537365763774709571e+00 -5.745056409301598638e-02 2.284807654593196125e-02 9.980868690066726501e-01 2.670294084256374276e+02
9.978430741701143081e-01 2.105343673983854288e-02 6.217678129476740534e-02 -1.958851324815575001e+00 -1.960765557008180976e-02 9.995250998370041051e-01 -2.377213997252038136e-02 -6.609229480081942221e+00 -6.264773877627786980e-02 2.250172431769788262e-02 9.977820068677059062e-01 2.687325924806727357e+02
9.976928681314493064e-01 1.711054816181509924e-02 6.569756480452290659e-02 -1.836183473512861042e+00 -1.558428424769706111e-02 9.995982477918406994e-01 -2.367431299889792909e-02 -6.670495364659920767e+00 -6.607625113555740115e-02 2.259584371261693161e-02 9.975586984647987210e-01 2.704404042571042623e+02
9.976587315214527907e-01 1.566550327841348747e-02 6.657061984118488318e-02 -1.721599790725264700e+00 -1.406532429194558287e-02 9.996023860562022190e-01 -2.443842145700758292e-02 -6.729460136975811579e+00 -6.692699060594264893e-02 2.344486719480273068e-02 9.974823888824543294e-01 2.721408333130228812e+02
9.977115124244658739e-01 1.525697244981894830e-02 6.587080360334142404e-02 -1.605085647923866654e+00 -1.366530106866165571e-02 9.996052774833077414e-01 -2.454686892911031593e-02 -6.790586952795904629e+00 -6.621931381694719232e-02 2.359054936167342964e-02 9.975261843472705836e-01 2.738492520180603833e+02
9.977148586196493696e-01 1.530471579551548507e-02 6.580901582603286559e-02 -1.527498718945148548e+00 -1.371488473196618395e-02 9.996047042485597389e-01 -2.454255856546628395e-02 -6.867104995333416895e+00 -6.615861868540948154e-02 2.358391228293047620e-02 9.975303685878776916e-01 2.755831006210162286e+02
9.979798736662491843e-01 1.639737875594248287e-02 6.137831642388812126e-02 -1.399566966393766210e+00 -1.477527680918428420e-02 9.995319061366106927e-01 -2.678917337520256639e-02 -6.926303610269842537e+00 -6.178885783301660273e-02 2.582817424536324943e-02 9.977550012216624964e-01 2.773345785013427758e+02
9.981452909511037141e-01 1.845905261307516018e-02 5.801070184684684050e-02 -1.315922569507272044e+00 -1.691223875663180193e-02 9.994911940883499657e-01 -2.704309745727859551e-02 -7.005998600284478961e+00 -5.848037561759249214e-02 2.601184953964073149e-02 9.979496126313942561e-01 2.790246123599555403e+02
9.984203111032858846e-01 1.870677761661357699e-02 5.298055159792233043e-02 -1.240776861783210450e+00 -1.739950128425558212e-02 9.995352864845092888e-01 -2.502935131780328892e-02 -7.078543594093569702e+00 -5.342414932852674464e-02 2.406797755386597126e-02 9.982818202917386197e-01 2.807210378810161160e+02
9.988933696674240359e-01 1.706410749143025263e-02 4.382752867753029330e-02 -1.166275142014222999e+00 -1.613048324375846235e-02 9.996372425156700992e-01 -2.156828426164893522e-02 -7.140401376736990713e+00 -4.417967343452923468e-02 2.083745692711512498e-02 9.988062659214880235e-01 2.824152416449516068e+02
9.993136532501474267e-01 1.546295262481382424e-02 3.366184076913342899e-02 -1.111178015879753955e+00 -1.482281871084500414e-02 9.997060893070158771e-01 -1.918382255807243864e-02 -7.210087741691658003e+00 -3.394858573356408088e-02 1.867169244061576971e-02 9.992491488253021359e-01 2.840710527494044300e+02
