1.000000000000000000e+00 0.000000000000000000e+00 0.000000000000000000e+00 0.000000000000000000e+00 0.000000000000000000e+00 1.000000000000000000e+00 0.000000000000000000e+00 0.000000000000000000e+00 0.000000000000000000e+00 0.000000000000000000e+00 1.000000000000000000e+00 0.000000000000000000e+00
9.999977026938098312e-01 -1.030585710920310779e-03 1.879494664795597694e-03 1.311755508538744921e-03 1.041317163443979859e-03 9.999831114002910581e-01 -5.717741928258986313e-03 6.301452706878399052e-04 -1.873570299632555496e-03 5.719685942908114828e-03 9.999818872994884478e-01 1.931058135382272445e+00
9.999879218054282815e-01 -4.730438820851271507e-03 1.333863494849268569e-03 -5.735938552823560688e-03 4.725077467139118456e-03 9.999808593339676310e-01 3.994322048759645430e-03 -1.794763987726321090e-03 -1.352732859896016090e-03 -3.987971196217003460e-03 9.999911330604626114e-01 3.865350931978938753e+00
9.999405112672620222e-01 -1.083770072522637073e-02 -1.232140234320055604e-03 -5.659058185658125822e-03 1.083884815414287196e-02 9.999408269560273732e-01 9.284164944713393583e-04 3.118229119545598386e-03 1.222005424716344742e-03 -9.417162450550322500e-04 9.999988099359196081e-01 5.756733887665343552e+00
9.999365736236165425e-01 -1.087152734511213567e-02 -2.942553830634520029e-03 -1.921539562253828798e-02 1.086186959218962862e-02 9.999356338087929119e-01 -3.278418577513672258e-03 1.088898583681681582e-03 2.978005846866183665e-03 3.246249003326685811e-03 9.999902966272145033e-01 7.629991581799316691e+00
9.999373824391707410e-01 -1.016484787106664185e-02 -4.680498740256033505e-03 -4.407281643500766261e-02 1.017083491116829025e-02 9.999474854988471550e-01 1.257124394148048923e-03 -1.981609502872263857e-03 4.667474467978020500e-03 -1.304650256073903048e-03 9.999882562159418953e-01 9.512444575146155046e+00
9.999187769956632277e-01 -1.145262934696134223e-02 -5.592556887349669700e-03 -7.777317676662762191e-02 1.147009510641777870e-02 9.999294078276570463e-01 3.101012686295628179e-03 3.628286482714395463e-03 5.556647347713671720e-03 -3.164907972114712736e-03 9.999795533048569940e-01 1.137884874814663938e+01
9.999093771844539402e-01 -1.163765227224996049e-02 -6.767752077871550496e-03 -1.068286940924023376e-01 1.164831573310636664e-02 9.999309727271659121e-01 1.538350247918287856e-03 3.823264186387919251e-03 6.749382133144196140e-03 -1.617043751293959419e-03 9.999759152151250774e-01 1.321813636614067278e+01
9.998638865175762946e-01 -1.333524883954251804e-02 -9.714915149126146510e-03 -1.329712278735634134e-01 1.331496016921346337e-02 9.999090403144987871e-01 -2.150100702358858848e-03 7.436813770686464750e-03 9.742703611395540225e-03 2.020454336406797037e-03 9.999504975200597112e-01 1.504690716425253605e+01
9.998537088162938735e-01 -1.141078813537558211e-02 -1.274185545480657766e-02 -1.714381311880590897e-01 1.136002481657551536e-02 9.999272739430365986e-01 -4.049279073403460640e-03 3.010404655382134358e-03 1.278713425550856951e-02 3.903938905398836659e-03 9.999106202349058448e-01 1.685892523778512953e+01
9.998216514585239745e-01 -1.035285860891486942e-02 -1.579504964770200165e-02 -2.140554259723474739e-01 1.029568447659853260e-02 9.999401645449811360e-01 -3.696783860955743690e-03 -3.824249506589770184e-04 1.583237682433947732e-02 3.533503697481043745e-03 9.998684164407393160e-01 1.866519267779201385e+01
9.997853270260489422e-01 -9.397413479518019336e-03 -1.846587347814925006e-02 -2.593015090871058081e-01 9.358489723374576602e-03 9.999538032894649264e-01 -2.193161424054818065e-03 -4.391882355988893476e-03 1.848563046026657081e-02 2.019877924391168429e-03 9.998270858301732122e-01 2.043931225648747585e+01
9.997188182024585590e-01 -1.018010561891522121e-02 -2.141611499471744035e-02 -3.074305247905321226e-01 1.012379178470258420e-02 9.999450092731885231e-01 -2.736287547580134021e-03 -1.306104867182075399e-02 2.144279300322648671e-02 2.518705864285150815e-03 9.997669042076705592e-01 2.219767939240421128e+01
9.996743202124243055e-01 -9.892924613745692278e-03 -2.352410573037523600e-02 -3.602980621432751995e-01 9.879116837165460505e-03 9.999509531419884523e-01 -7.031080617439970995e-04 -1.592341334721923685e-02 2.352990774195178048e-02 4.704816846595964025e-04 9.997230226861033575e-01 2.393332336232615631e+01
9.996256909694531956e-01 -1.096817774287308853e-02 -2.506346007325897102e-02 -4.059973225487376047e-01 1.105620865386527235e-02 9.999331777025253221e-01 3.376444865871186963e-03 -1.679094158535564263e-02 2.502475182784632407e-02 -3.652287876224518445e-03 9.996801601458454867e-01 2.562759104485767736e+01
9.996045698268430924e-01 -8.997866969961349284e-03 -2.664099043358756150e-02 -4.587001994901135360e-01 8.983357356538620650e-03 9.999594281941137641e-01 -6.642712593501369847e-04 -1.794892208757938729e-02 2.664588658491866963e-02 4.246830490539847507e-04 9.996448451187106565e-01 2.727495241841382878e+01
9.995668154336863065e-01 -7.964399371046222004e-03 -2.833284006973417826e-02 -5.136656671414614461e-01 7.881458364799915142e-03 9.999643263941875304e-01 -3.037853364309291149e-03 -1.907699643775747148e-02 2.835602401259000940e-02 2.813233313751003096e-03 9.995939283631726235e-01 2.887875785657996275e+01
9.994705797857115215e-01 -7.763795251705845821e-03 -3.159562669268006774e-02 -5.677103201867494953e-01 7.621939967990523992e-03 9.999603368686924565e-01 -4.607680606939100823e-03 -2.793646133508203427e-02 3.163014660000734030e-02 4.364421237782154482e-03 9.994901128341995289e-01 3.044468495330025704e+01
9.993375402132955720e-01 -7.608744162052304486e-03 -3.558915189655494082e-02 -6.277040036651839738e-01 7.470018098947146627e-03 9.999639809986782257e-01 -4.029334296935281785e-03 -2.954818233353453255e-02 3.561852818465449655e-02 3.760813416202928462e-03 9.993583825297144285e-01 3.198559508201073598e+01
9.991573363689761900e-01 -6.743263653534523581e-03 -4.048636283184106621e-02 -6.773800483992016286e-01 6.715762335556131613e-03 9.999771166974481540e-01 -8.152408910595369818e-04 -3.025393527385945858e-02 4.049093375442072013e-02 5.426571266003801276e-04 9.991797585054139619e-01 3.350404036867621471e+01
9.989249167849416633e-01 -2.657627005464737249e-03 -4.628118024529254831e-02 -7.170684415981289916e-01 2.562178365708517314e-03 9.999944670885992926e-01 -2.121564095297782948e-03 -2.836509656549834196e-02 4.628656250165621988e-02 2.000702598585312863e-03 9.989261991362984316e-01 3.501286251456386367e+01
9.986682324160122137e-01 -4.586614346893861218e-04 -5.159022381000487323e-02 -7.617348560179485473e-01 3.295695049639551870e-04 9.999967937922671357e-01 -2.510734778395178751e-03 -2.325558456078361674e-02 5.159120997824593463e-02 2.490388498683277895e-03 9.986651816390244019e-01 3.649555859251270107e+01
9.985127097253144735e-01 3.890546218976202123e-03 -5.438043919580029528e-02 -8.188995999715589225e-01 -3.942819241978537219e-03 9.999918624022703373e-01 -8.539939484813467881e-04 -1.983394779374947348e-02 5.437667416673445248e-02 1.067136053635575361e-03 9.985199239510483826e-01 3.792307521702500139e+01
9.985451030609340251e-01 8.605906869418308153e-03 -5.323171535827223716e-02 -8.762636087996927836e-01 -8.981803096768072731e-03 9.999363623149304381e-01 -6.826311853044600940e-03 -1.852942294558728234e-02 5.316958121106564461e-02 7.294497058675698462e-03 9.985588545231074420e-01 3.929745722024828325e+01
9.987426260139321554e-01 1.006734244067259386e-02 -4.911023924781517808e-02 -9.268241669116764614e-01 -1.048836081871821167e-02 9.999103589082654064e-01 -8.322766083471964255e-03 -1.977909252794034234e-02 4.902204881613771853e-02 8.827387163031136241e-03 9.987586875545775289e-01 4.062138760590132591e+01
9.989008812389070791e-01 1.882671363974239634e-02 -4.292533417065745593e-02 -9.847910988265033971e-01 -1.894780750973353023e-02 9.998175553941855975e-01 -2.415888277353762069e-03 -2.848207362158813871e-02 4.287201943820188182e-02 3.226573898380018755e-03 9.990753621074681678e-01 4.190563968995397914e+01
9.990453492882581665e-01 2.739365037525427066e-02 -3.402907557694513641e-02 -1.028962123219442582e+00 -2.746431656838475496e-02 9.996214865793746629e-01 -1.610864448961372899e-03 -2.954900222961234779e-02 3.397206765763099989e-02 2.543911940243360429e-03 9.994195451016082421e-01 4.312584978881725561e+01
9.991142099311248748e-01 3.584885270330329804e-02 -2.203758774371191581e-02 -1.063220863853715725e+00 -3.583235408196841498e-02 9.993571611182404668e-01 1.143207171036212354e-03 -2.871140494707866142e-02 2.206440379093390844e-02 -3.525358823323102540e-04 9.997564892531591862e-01 4.426733760864264866e+01
9.990638317369092691e-01 4.258510583392242921e-02 -7.613729459277188832e-03 -1.086393998819418227e+00 -4.258171202421723311e-02 9.990928029462484705e-01 6.073731104903690517e-04 -3.419217538633989584e-02 7.632687354534595237e-03 -2.825988717952341005e-04 9.999708306853882789e-01 4.531596340793520028e+01
9.986385258540152465e-01 5.162841332408450723e-02 7.456649231238665458e-03 -1.092392972730353629e+00 -5.160765882633070595e-02 9.986630810859697949e-01 -2.949580706327948210e-03 -3.389087172198819442e-02 -7.598962467685155264e-03 2.560744718941398816e-03 9.999678486610952266e-01 4.627839180873989022e+01
9.982570197445187477e-01 5.428141517968570334e-02 2.316140101295702941e-02 -1.072992723218819888e+00 -5.413728640091429456e-02 9.985103096411600543e-01 -6.805568415658229744e-03 -3.372101295004184540e-02 -2.349631358187487251e-02 5.539811044197526235e-03 9.997085744063899382e-01 4.715445853211328853e+01
9.977002165531174693e-01 5.554423923170654503e-02 3.884733424617965725e-02 -1.034524695745093315e+00 -5.538456741787336352e-02 9.984516846447430982e-01 -5.175241251330779668e-03 -3.573105756610019806e-02 -3.907464116020117895e-02 3.011796514605145133e-03 9.992317556502875453e-01 4.794943269113662865e+01
9.963583758341928442e-01 6.406136678155055497e-02 5.626835870300529729e-02 -9.986783738685225398e-01 -6.381906240718883405e-02 9.979428763200324237e-01 -6.094495513820238214e-03 -3.728811193448587635e-02 -5.654302944234374656e-02 2.481307756061521853e-03 9.983970797900512117e-01 4.864666526980803951e+01
9.949168732621257449e-01 6.766041395208002851e-02 7.458206005568338015e-02 -9.517243865886397813e-01 -6.741639276671505809e-02 9.977081414577037011e-01 -5.787439445824610861e-03 -4.504340077798188458e-02 -7.480270907286973303e-02 7.299677035690294111e-04 9.971980855690164569e-01 4.924629415517355824e+01
9.931128795169130719e-01 6.551733697163109049e-02 9.713025838415095814e-02 -8.853079405163311044e-01 -6.460185915403272860e-02 9.978322778722853448e-01 -1.254372472790660220e-02 -5.277988937563718452e-02 -9.774153841365854078e-02 6.182539312671101600e-03 9.951926285278538398e-01 4.979543317291719262e+01
9.896558506306567526e-01 6.862311441808773005e-02 1.259847827321777247e-01 -8.106680791977666223e-01 -6.673239467076692855e-02 9.975866957598593654e-01 -1.917216587742246250e-02 -6.316307841745209817e-02 -1.269963968544657595e-01 1.056657988605806849e-02 9.918468947249343692e-01 5.033070363464183572e+01
9.846111979011132886e-01 7.135378222570099016e-02 1.595287645843930235e-01 -7.211839233172727681e-01 -6.867569255901187497e-02 9.973909946689006878e-01 -2.224529174727863864e-02 -7.410796833509805670e-02 -1.606998388900109931e-01 1.094721496403100632e-02 9.869426124477839180e-01 5.085071857673061402e+01
9.778362128978586032e-01 6.999226718375614609e-02 1.973256782075062665e-01 -6.039147944180068839e-01 -6.649726227426060177e-02 9.974908854216542053e-01 -2.429089563505634763e-02 -8.521008166362867287e-02 -1.985307403290552941e-01 1.063090001846972096e-02 9.800370039489301188e-01 5.135998534398713389e+01
9.682554679567267897e-01 7.272834417719577227e-02 2.391483571449829204e-01 -4.692800725824173291e-01 -6.786104098351621039e-02 9.972866253926625513e-01 -2.853534526774675895e-02 -9.337796119306741860e-02 -2.405747864771668465e-01 1.140064762017263186e-02 9.705636493014290211e-01 5.186666204715075423e+01
9.549933342581892193e-01 7.563818018712385738e-02 2.868215424622206910e-01 -3.031939145862691531e-01 -6.920546791687559596e-02 9.970724059367421788e-01 -3.251492780130191274e-02 -1.067787937223505235e-01 -2.884412153850997584e-01 1.120192025939160604e-02 9.574320770945947690e-01 5.237478537191872618e+01
9.366923701993327134e-01 8.121879274979051933e-02 3.406037453032830786e-01 -1.094862615511763559e-01 -7.362934095965771586e-02 9.966652452477162694e-01 -3.517256125386845900e-02 -1.273672599236716774e-01 -3.423245883079443219e-01 7.867440471795397738e-03 9.395488170500885250e-01 5.287664633566844685e+01
9.129379892711392275e-01 8.079392335179565177e-02 4.000207115825309412e-01 1.326443987834482752e-01 -7.098587184118897164e-02 9.967027227194025230e-01 -3.930252565264951564e-02 -1.503418118146208071e-01 -4.018771376235732995e-01 7.484949776388447745e-03 9.156630066691183734e-01 5.336649042855413683e+01
8.810572944362663472e-01 7.809498916247022138e-02 4.665181846277388078e-01 4.368162091850700257e-01 -6.352291257552961090e-02 9.968773274559922237e-01 -4.690877937146795129e-02 -1.722422804045350697e-01 -4.687247417179606357e-01 1.169472838133064733e-02 8.832668621823868138e-01 5.382914840277063462e+01
8.399606109293656919e-01 8.265077545154450589e-02 5.363161580676332196e-01 7.878779532172266453e-01 -6.157922054498186915e-02 9.964663858631040982e-01 -5.712041178070036140e-02 -1.954898151069203449e-01 -5.391420700374259800e-01 1.495296499636985035e-02 8.420820845698940849e-01 5.428779947728268240e+01
7.882722629115723745e-01 9.040211998457818587e-02 6.086495676713852276e-01 1.207612192918168903e+00 -6.440772983105258476e-02 9.958373424347706226e-01 -6.449520718986974377e-02 -2.228920870734315274e-01 -6.119464714027529340e-01 1.163804600214379467e-02 7.908135507330239511e-01 5.475722133464984154e+01
7.252702830649329080e-01 9.661979577143868514e-02 6.816506668140204228e-01 1.697704730594985501e+00 -6.626984524052387249e-02 9.953032315303771416e-01 -7.056759112358955421e-02 -2.603053340687471184e-01 -6.852673376972742147e-01 6.007692591551217105e-03 7.282668353804232497e-01 5.523566056090141529e+01
6.495123846928334554e-01 9.336255190411693605e-02 7.545973071993967718e-01 2.287623586225178585e+00 -5.798212945000309065e-02 9.956247705894978317e-01 -7.327611379606394082e-02 -3.093905400878347867e-01 -7.581370158454689978e-01 3.840584664045752165e-03 6.520839785751268991e-01 5.569740927261385366e+01
5.615786726560303421e-01 9.308198211123193400e-02 8.221709913540713455e-01 2.976283208846836281e+00 -5.020653549645075209e-02 9.956546055250535820e-01 -7.842965185562517094e-02 -3.591274883843556531e-01 -8.258987215217953315e-01 2.766062724386271574e-03 5.638117156335702429e-01 5.612114169016452792e+01
4.645473761310349725e-01 9.049958189832990607e-02 8.809117782195894364e-01 3.776316302468795350e+00 -4.306982584555534704e-02 9.958960279130679716e-01 -7.959957090718738915e-02 -4.182991361932589802e-01 -8.845002687571132949e-01 -9.629450671260111200e-04 4.665386878977919038e-01 5.651755888891930368e+01
3.638482996079841492e-01 8.859129148141051124e-02 9.272356755140709339e-01 4.683237186053289314e+00 -4.406666547350348434e-02 9.959892746249502382e-01 -7.786843921713812455e-02 -4.795319734332053607e-01 -9.304152534575226285e-01 -1.252788512569318058e-02 3.662929268056543397e-01 5.687486119325026834e+01
2.680286796382065351e-01 8.574297235091551950e-02 9.595878123360211953e-01 5.635920641688736410e+00 -2.872276095364473258e-02 9.963001065867485018e-01 -8.100062109906684682e-02 -5.476430807016787750e-01 -9.629826737250263280e-01 -5.851521824700872849e-03 2.694997769901407714e-01 5.710109676842833437e+01
1.822442939888830882e-01 7.896742502533136976e-02 9.800771209927121586e-01 6.671127647440062702e+00 -4.791880847471076052e-03 9.968292360152360976e-01 -7.942614244205391250e-02 -6.232093192097134526e-01 -9.832416057035209267e-01 9.778548468483022962e-03 1.820448428366272797e-01 5.724033889067477787e+01
1.110975160177941484e-01 8.137895045556309270e-02 9.904720129097178694e-01 7.742359122291980533e+00 8.880841060022497818e-03 9.965206243260434915e-01 -8.287204567826098045e-02 -6.974546401602597090e-01 -9.937698287816668641e-01 1.800310294321972801e-02 1.099882524984974602e-01 5.733268001289678040e+01
5.656475311678659662e-02 7.795738705712511318e-02 9.953507293954546586e-01 8.876482451897253156e+00 2.441406265399998984e-02 9.965407941543151793e-01 -7.943802068917747705e-02 -7.856454301041845278e-01 -9.981003868597407847e-01 2.879394709853472928e-02 5.446582746019043575e-02 5.738257436437368142e+01
2.067960621653698594e-02 7.915074310358456711e-02 9.966481393916714060e-01 1.006020559044989682e+01 3.223693904023883228e-02 9.962901903300144246e-01 -7.979120511372272961e-02 -8.629858555097751349e-01 -9.992662976644640649e-01 3.377893601543147800e-02 1.805131113300346979e-02 5.739583630289833138e+01
-4.766240226679898523e-03 7.991393637102058023e-02 9.967903720079719365e-01 1.127868203208509712e+01 3.404460625945724545e-02 9.962368170341645568e-01 -7.970676991495416475e-02 -9.534462868195479057e-01 -9.994089491988454865e-01 3.355543412512193568e-02 -7.468942491042528803e-03 5.739477644416126623e+01
-2.063016547415916918e-02 8.499853215702454778e-02 9.961674787924271746e-01 1.254497779414487901e+01 4.330504319794183099e-02 9.955203967674786103e-01 -8.404649221440901874e-02 -1.042062204477933074e+00 -9.988488722054671420e-01 4.140518265958496175e-02 -2.421861562503529325e-02 5.736612007829836557e+01
-2.928246653627879226e-02 8.179448547955749105e-02 9.962189514854087324e-01 1.385219680582786594e+01 4.178527832369852146e-02 9.958752999318756238e-01 -8.053805001990078927e-02 -1.134601934946102952e+00 -9.986974154712543461e-01 3.926893340455600567e-02 -3.257949048566880640e-02 5.734137506938257900e+01
-3.296057884694483797e-02 6.945507404210854441e-02 9.970404168998771022e-01 1.522371776179292979e+01 4.095769022337467785e-02 9.968383159666077686e-01 -6.808699899704501179e-02 -1.228153923790678448e+00 -9.986170776897623780e-01 3.859228563667552875e-02 -3.570108731813135400e-02 5.730040844212884110e+01
-3.286357898300867886e-02 6.935512155016701485e-02 9.970505765963879607e-01 1.662959902968400172e+01 4.692851500575640628e-02 9.965962228121288957e-01 -6.777671544086677491e-02 -1.319978533448577185e+00 -9.983575009262877220e-01 4.456271750420183475e-02 -3.600645154494760969e-02 5.724434444467058825e+01
-3.015270170599360783e-02 8.484954676304799770e-02 9.959374322686819214e-01 1.803785402484798794e+01 4.861236667537236628e-02 9.953358870980125728e-01 -8.332652435468400343e-02 -1.411517757978769216e+00 -9.983624854661001802e-01 4.590235581010998489e-02 -3.413680338042136830e-02 5.720838392245982362e+01
-2.631968079611400266e-02 8.148132290759679819e-02 9.963272898099395647e-01 1.950306721852081182e+01 4.843506705670756057e-02 9.956059312768258396e-01 -8.014283427491654399e-02 -1.514176907786169535e+00 -9.984795033860253133e-01 4.614784527616044157e-02 -3.015058364882258410e-02 5.718344628056786405e+01
-2.108158793932214323e-02 7.357518348623083571e-02 9.970668277627757758e-01 2.099582680538201274e+01 4.579914344627184636e-02 9.963125847517082523e-01 -7.255116763331986851e-02 -1.628385849119502904e+00 -9.987281938092793521e-01 4.413531284966423773e-02 -2.437353175306815681e-02 5.716176267877031592e+01
-1.413806643288787086e-02 8.466448662557612970e-02 9.963092089215914715e-01 2.246401919476296172e+01 5.495238014542319638e-02 9.949686896832415917e-01 -8.377077334229561523e-02 -1.737239517902382957e+00 -9.983888776393159414e-01 5.356520563239737520e-02 -1.871944848725084001e-02 5.712568235726259047e+01
-8.846253445977012367e-03 8.194817709956253582e-02 9.965973309567052185e-01 2.393795287745698985e+01 4.407957008152543765e-02 9.956995024422889973e-01 -8.148308006946072823e-02 -1.850102996559373825e+00 -9.989888564450547515e-01 4.320876191511399678e-02 -1.242045057015113418e-02 5.713704419146182545e+01
-4.088436935236229586e-04 7.981654892281901670e-02 9.968094859926275308e-01 2.541183332536371253e+01 5.267935273699740628e-02 9.954271970124518587e-01 -7.968425969502759831e-02 -1.968307683810760267e+00 -9.986113952093907953e-01 5.247870011714127203e-02 -4.611658266815446723e-03 5.712249150446806567e+01
5.984394185643174963e-03 8.577080669348757791e-02 9.962969214774178850e-01 2.690459953989586950e+01 4.847301089707656274e-02 9.951186634632046557e-01 -8.596053072065876210e-02 -2.079804325526577458e+00 -9.988065649768246290e-01 4.880793323173819587e-02 1.797613096149721854e-03 5.714537094883384327e+01
1.336562771582036971e-02 8.233038425545366468e-02 9.965154629126998787e-01 2.841881263782829237e+01 5.127453773274436022e-02 9.952368790015463373e-01 -8.291246260698584281e-02 -2.210090963708334133e+00 -9.985951540920157132e-01 5.220404681258725837e-02 9.080513219732015695e-03 5.716561775259854983e+01
2.065186003317626140e-02 8.413393877115585284e-02 9.962404233035427881e-01 2.990896511082529940e+01 5.826891370938458437e-02 9.946578796171767767e-01 -8.520819333016196873e-02 -2.331279453646066813e+00 -9.980872879524613772e-01 5.980955494160922203e-02 1.563914209246267811e-02 5.718564629648608388e+01
2.681151978706677180e-02 8.332791189656768571e-02 9.961614334562777229e-01 3.142355635129352009e+01 5.972524568426345465e-02 9.946059308545740496e-01 -8.480529073625549252e-02 -2.446331505432016051e+00 -9.978547175990417628e-01 6.176974508498730976e-02 2.169011658506219548e-02 5.722865607937870891e+01
3.328633444301309224e-02 8.346333853421629423e-02 9.959547635611123440e-01 3.294242138553352106e+01 5.969754200479863299e-02 9.945617044810611818e-01 -8.534178026214346569e-02 -2.565341174885945819e+00 -9.976613771305044009e-01 6.229676637233663022e-02 2.812275736156263570e-02 5.728113226292432358e+01
3.925303680272802798e-02 8.579081134701045663e-02 9.955396204020140472e-01 3.446540304786709186e+01 5.832726583738600395e-02 9.944119314314481262e-01 -8.799341274613907415e-02 -2.685944830742342138e+00 -9.975255030131809919e-01 6.152111275976046567e-02 3.402974468170837097e-02 5.734580324092822678e+01
4.457731362043887424e-02 8.617737191156554788e-02 9.952820322304635203e-01 3.599941632479360720e+01 5.453705086598560625e-02 9.945768058196929884e-01 -8.855894877615735905e-02 -2.810376091673266519e+00 -9.975162019702872307e-01 5.822746685124547544e-02 3.963570247720076684e-02 5.741934588406645190e+01
5.022617932032150123e-02 8.838437649827131370e-02 9.948193468675080586e-01 3.752840509452047968e+01 5.010843802430290511e-02 9.945990668874132856e-01 -9.089466753034416979e-02 -2.942340168153547264e+00 -9.974800626326564279e-01 5.441413545852810674e-02 4.552610803323135780e-02 5.751364376956229307e+01
5.671988408341650800e-02 9.434252964784849149e-02 9.939227041622549219e-01 3.905412302910319511e+01 4.890345228161827734e-02 9.940678548203133458e-01 -9.714706566788339215e-02 -3.079416083332478404e+00 -9.971917103067513555e-01 5.411642183834223380e-02 5.176973809969796086e-02 5.760872210662902404e+01
6.170399569127471562e-02 9.630794519225632788e-02 9.934371628888146732e-01 4.059901676164027862e+01 3.874984936319370021e-02 9.943522129912891749e-01 -9.880347004865712435e-02 -3.217929321286395528e+00 -9.973420005645313724e-01 4.459210930390542643e-02 5.762358629734532639e-02 5.772554003836410175e+01
6.938353327805568682e-02 9.849494483347347173e-02 9.927158058337264279e-01 4.215143907738161033e+01 3.957152134486452422e-02 9.940590307324157493e-01 -1.013939747607476294e-01 -3.366965654344804548e+00 -9.968049056903294236e-01 4.631834692194037456e-02 6.507373302733529541e-02 5.783198924041467848e+01
7.696598606154887723e-02 9.782330874708050628e-02 9.922231791564575243e-01 4.373107157732617623e+01 3.418345871688311527e-02 9.943311726811592255e-01 -1.006827203876702048e-01 -3.513983307919790633e+00 -9.964475541340475084e-01 4.166676493662554992e-02 7.318574014103693126e-02 5.796892712032293105e+01
8.646465168269687473e-02 1.014208222389807457e-01 9.910790487270730864e-01 4.531928556430720079e+01 3.089053040518740384e-02 9.940534195079613333e-01 -1.044201814584472254e-01 -3.674117418411508851e+00 -9.957758980517037450e-01 3.964361210709651390e-02 8.281753967865732036e-02 5.811754456137985869e+01
9.979073267636660860e-02 1.152274845455881491e-01 9.883139361949780932e-01 4.691218220242650716e+01 2.693347357312543544e-02 9.925951362417656521e-01 -1.184461207067421390e-01 -3.836872019955772650e+00 -9.946438546903111355e-01 3.843855245045818547e-02 9.594831948665746846e-02 5.828530973934138615e+01
1.133750284835002009e-01 1.166535507443575009e-01 9.866803190573431026e-01 4.851503326994644993e+01 1.805907247301871688e-02 9.926774467414385406e-01 -1.194376683978399106e-01 -4.021539582892095233e+00 -9.933881279831063837e-01 3.135978044616574700e-02 1.104381788721116170e-01 5.849258106794167844e+01
1.278260312381582220e-01 1.115364730356912942e-01 9.855050080647288491e-01 5.013402226283771057e+01 1.667676200528186645e-02 9.932741689724245981e-01 -1.145788412454861460e-01 -4.209228367760254663e+00 -9.916563877406939786e-01 3.108119101478636417e-02 1.251062277354001162e-01 5.871449534741709186e+01
1.416949073982567975e-01 9.905020313901496953e-02 9.849424401839534937e-01 5.175569217645249864e+01 1.146691421915249122e-02 9.947504361851876586e-01 -1.016861818914897714e-01 -4.381121607858648126e+00 -9.898439589630735336e-01 2.570266459918907689e-02 1.398152707568511011e-01 5.896887048691261413e+01
1.562604622416639277e-01 9.815453892318526385e-02 9.828267163792404615e-01 5.336070607799044296e+01 1.082624389964422298e-02 9.948200457622380366e-01 -1.010735820709038058e-01 -4.550885387273048366e+00 -9.876565498102303220e-01 2.643412639742830778e-02 1.543883952198411014e-01 5.923151438316586592e+01
1.663111251910506794e-01 1.085054201251008654e-01 9.800852939622977100e-01 5.492840906386427946e+01 9.252176414917783268e-03 9.937119304299877331e-01 -1.115840335921507859e-01 -4.715428407912744646e+00 -9.860299218934863719e-01 2.762558822147234000e-02 1.642614379766101640e-01 5.951833144897747729e+01
1.760179575125258855e-01 1.112893761286360833e-01 9.780758423527387002e-01 5.647405648003973511e+01 4.837152224819145016e-03 9.934790081223323632e-01 -1.139125207280593938e-01 -4.891051352757560089e+00 -9.843750710940794013e-01 2.478175097053470291e-02 1.743318221879237018e-01 5.981686283830215700e+01
1.861636496667380958e-01 1.020291551264096291e-01 9.772068087395590075e-01 5.800038333000640023e+01 9.064798032063416805e-03 9.943728561139658639e-01 -1.055483418173489979e-01 -5.054947832704422161e+00 -9.824769335609866427e-01 2.850744688577141334e-02 1.841912063391111798e-01 6.010123106036428453e+01
1.920595739834914939e-01 9.284997686055046495e-02 9.769810652404052886e-01 5.948921124456324350e+01 2.923597133323587414e-03 9.954557372686315686e-01 -9.518050072765572855e-02 -5.211976798241209075e+00 -9.813789138865187667e-01 2.113662546293724326e-02 1.909153488930571962e-01 6.041648072001651570e+01
1.969888367208813273e-01 9.549766908385698416e-02 9.757436104873584704e-01 6.093470474235176937e+01 -8.076800212812417076e-04 9.952601722179664767e-01 -9.724472864709417241e-02 -5.351956989025695499e+00 -9.804053987307181917e-01 1.836803735334538445e-02 1.961322751192392244e-01 6.072520205314384611e+01
1.998136616354177220e-01 1.042293895472983928e-01 9.742744659378311800e-01 6.232256488284595264e+01 -6.646308834292201373e-03 9.944474317952393116e-01 -1.050244351316973745e-01 -5.496662743224283609e+00 -9.798113732768809481e-01 1.450998795486793669e-02 1.993969233634852456e-01 6.103370643723446420e+01
2.032040882520950997e-01 1.121170790066402523e-01 9.726961802704149340e-01 6.368530821521855501e+01 -7.099360965948118239e-03 9.935651417305441102e-01 -1.130394099942098746e-01 -5.643414121916319637e+00 -9.791106666723180529e-01 1.606454895048957041e-02 2.026924583587348117e-01 6.133321994478072270e+01
2.049001936732139928e-01 1.093586035011364227e-01 9.726544126630807252e-01 6.501626243158210627e+01 -9.940839877074860581e-03 9.939199519430270691e-01 -1.096554094977042759e-01 -5.795496558844646096e+00 -9.787323895402761931e-01 1.279941287138122545e-02 2.047415070153831840e-01 6.162814860360784763e+01
2.039892630600696755e-01 1.056680460898487134e-01 9.732536383655419066e-01 6.632060872928934714e+01 -1.040096378929223318e-02 9.943354848756297271e-01 -1.057769515036245389e-01 -5.953842316833114268e+00 -9.789178721979002740e-01 1.145458653552819221e-02 2.039328123153226202e-01 6.193108458440020314e+01
2.000826323952956398e-01 1.057988014607025573e-01 9.740500776773489688e-01 6.758309279113885282e+01 -1.279875819269745904e-02 9.943502202862420924e-01 -1.053747180562143726e-01 -6.102527330549931683e+00 -9.796954281829097777e-01 8.617019564828907671e-03 2.003063028746862595e-01 6.221142962969790347e+01
1.944783693102369870e-01 1.125686382026731963e-01 9.744262237663907644e-01 6.878924826361551936e+01 -1.274306695943680512e-02 9.935993822155578803e-01 -1.122402864631451141e-01 -6.247607796256595236e+00 -9.808240301475589229e-01 9.411129265780074013e-03 1.946680572950899579e-01 6.247601290531518003e+01
1.903447428857949209e-01 1.124317586976039951e-01 9.752579035782823480e-01 6.998379544305399236e+01 -1.130197256124433440e-02 9.936054273307822760e-01 -1.123410886320673902e-01 -6.374856754142003368e+00 -9.816522522115286309e-01 1.036119756480275572e-02 1.903982702470210508e-01 6.271782503979375178e+01
1.847352914176288996e-01 1.058459916925305611e-01 9.770719001933635406e-01 7.115491735572375376e+01 -1.190752759356015870e-02 9.943515581135022874e-01 -1.054665333831457108e-01 -6.511674656298389152e+00 -9.827161761625040626e-01 7.848880166897781105e-03 1.849521889264178764e-01 6.296357786167333614e+01
1.801701591370802047e-01 1.063892111511323679e-01 9.778650466742128122e-01 7.227328312707193447e+01 -5.674110612872105067e-03 9.942294586628841468e-01 -1.071241709216945864e-01 -6.645442834482386374e+00 -9.836190920398371063e-01 1.375206448309867525e-02 1.797341439381527906e-01 6.318080339917953836e+01
1.752944234525315448e-01 1.105760626190167989e-01 9.782866652889231629e-01 7.337133416337739789e+01 -2.522243526177271860e-03 9.937198149970862815e-01 -1.118685280574955587e-01 -6.764469102494348185e+00 -9.845128254086080721e-01 1.714245192005150326e-02 1.744724418013617051e-01 6.338956563774816289e+01
1.725714444865648900e-01 1.117582894516024744e-01 9.786363886994363659e-01 7.446281577077176905e+01 -1.133645116428147470e-03 9.935643804780525112e-01 -1.132631303382222177e-01 -6.888321419191882455e+00 -9.849963509559676034e-01 1.843655564672909419e-02 1.715875345685538567e-01 6.358907579179994229e+01
1.758597155017085079e-01 1.087913447822318330e-01 9.783853043480024159e-01 7.557187479552570153e+01 9.637972666276474823e-03 9.936366901036960408e-01 -1.122195952704119482e-01 -7.005583829687997977e+00 -9.843680561388323813e-01 2.916455691836417063e-02 1.736921376263568517e-01 6.377377539856007616e+01
1.808274445480576031e-01 1.081477420225702146e-01 9.775507665557018333e-01 7.667889336080096996e+01 9.642596556767673438e-03 9.936932456456276652e-01 -1.117172944977680021e-01 -7.129324269886939014e+00 -9.834675671469108593e-01 2.962768053150979103e-02 1.786441852299152921e-01 6.399053532645486086e+01
1.930160446865475388e-01 1.080168743093266326e-01 9.752318500531067524e-01 7.779934034979410740e+01 9.403874015090780622e-03 9.936726579635205558e-01 -1.119205788459840950e-01 -7.247999016849107079e+00 -9.811505356707856951e-01 3.077342490128407576e-02 1.907789890757787266e-01 6.421446503918711812e+01
2.091459134800111863e-01 1.065504055249978793e-01 9.720622397547759030e-01 7.894082732139406744e+01 7.406623608205517399e-03 9.938450050062278551e-01 -1.105316604005243675e-01 -7.367649716830001694e+00 -9.778563947744777218e-01 3.031694421654292787e-02 2.070694426805486377e-01 6.446737077399696147e+01
2.278880267651187952e-01 1.060436815859194526e-01 9.678955443914419865e-01 8.010734253225284363e+01 2.347514494580274502e-03 9.939889557792659369e-01 -1.094552189917966378e-01 -7.496341857184805946e+00 -9.736845158637367215e-01 2.721568269488310390e-02 2.262692426792763389e-01 6.475570038342472401e+01
2.468018288017967687e-01 1.125348130522006579e-01 9.625096223682110264e-01 8.129194112271224526e+01 -7.433985035345623722e-03 9.934249986998536786e-01 -1.142431959667169761e-01 -7.621643398961025717e+00 -9.690374570503370588e-01 2.104014756368639133e-02 2.460156885727320941e-01 6.508050701761565904e+01
2.680264556106505269e-01 1.172425583585152559e-01 9.562510139091846550e-01 8.251589053805587071e+01 -1.357219127545708330e-02 9.929285244816420386e-01 -1.179353250501789518e-01 -7.758198968908803117e+00 -9.633159475046467746e-01 1.863136549636424180e-02 2.677223515191934355e-01 6.543984049782804391e+01
2.883142486107225233e-01 1.188292297313814638e-01 9.501339422468194629e-01 8.377673235859718659e+01 -1.853988511747051843e-02 9.927765950036276932e-01 -1.185365136691380883e-01 -7.900069972664634399e+00 -9.573563425955178285e-01 1.656039173598681385e-02 2.884347182945999344e-01 6.584018507011792565e+01
3.092261393875565534e-01 1.151270873006442763e-01 9.439941464273700067e-01 8.508772582374633942e+01 -2.289998634369855984e-02 9.932587443989855380e-01 -1.136338739127064762e-01 -8.041120448816984734e+00 -9.507127775227001143e-01 1.352111107196046422e-02 3.097779756704047149e-01 6.628664010807797524e+01
3.314580151534648467e-01 1.041113624948776795e-01 9.377080613869048786e-01 8.642916407901060438e+01 -1.826589674200978369e-02 9.944146976236595270e-01 -1.039507872324959420e-01 -8.184319147420177742e+00 -9.432931364145172859e-01 1.732724298627987686e-02 3.315084093107725227e-01 6.675873201812656532e+01
3.518415265387382918e-01 9.924152841298584937e-02 9.307838950267385281e-01 8.780775617730715510e+01 -1.384353360352080266e-02 9.948068638056036805e-01 -1.008348169167108954e-01 -8.317534455272580729e+00 -9.359572088403721457e-01 2.259253778381111952e-02 3.513882190060284016e-01 6.727316894086115440e+01
3.683489032879043723e-01 8.515650471108231201e-02 9.257793771477041966e-01 8.923412098639322210e+01 1.511693001994648955e-03 9.957399900544269267e-01 -9.219320468818176240e-02 -8.443497908574334687e+00 -9.296863988630074127e-01 3.535876004331418854e-02 3.666510028042110347e-01 6.781546853893615889e+01
3.826127044337309657e-01 8.212100767803452717e-02 9.202519538169164903e-01 9.069160616928357399e+01 7.627446977802237148e-03 9.957272527830689501e-01 -9.202749653056131740e-02 -8.578659699111232939e+00 -9.238773405915465808e-01 4.223006231378129832e-02 3.803515234338714635e-01 6.842311655740867593e+01
3.964163371628637855e-01 9.502646367987310771e-02 9.131396710421016971e-01 9.214734425177420007e+01 1.186186755336404546e-02 9.940155872847360463e-01 -1.085923953742936876e-01 -8.701356612612562103e+00 -9.179942176988515889e-01 5.387934145364284971e-02 3.929168268679727460e-01 6.908400610585340473e+01
4.052098153639298594e-01 9.992052679075584531e-02 9.087468810722755252e-01 9.357249845741166894e+01 1.838429473480041347e-03 9.939182354444423551e-01 -1.101052288861696649e-01 -8.859838585447491255e+00 -9.142218689737201531e-01 4.628638651766438933e-02 4.025617278298276869e-01 6.976295608400056381e+01
4.124475652438483464e-01 1.074349739484587452e-01 9.046240834164851474e-01 9.494996054975220545e+01 -6.457721892230519969e-03 9.933413826558404880e-01 -1.150269330693652059e-01 -9.027727549856098932e+00 -9.109584533623830138e-01 4.160076773420918334e-02 4.103950199156174983e-01 7.042873966777359840e+01
4.190143498807953337e-01 1.157261927814989960e-01 9.005744960292146883e-01 9.629260418600165394e+01 -1.404299319714695515e-02 9.925517474073195512e-01 -1.210116649779685860e-01 -9.195972475920756395e+00 -9.078710089743147194e-01 3.805886260747380623e-02 4.175185673008877663e-01 7.109086387173763910e+01
4.265389312254273535e-01 1.115388278236667668e-01 8.975653903960384428e-01 9.761838186941835716e+01 -1.470366785404111053e-02 9.930909721674039403e-01 -1.164221763721904612e-01 -9.368708335464303261e+00 -9.043496792174523513e-01 3.646108730306622803e-02 4.252319917550534401e-01 7.175107232995166839e+01
4.335208798155885668e-01 1.082533387237799988e-01 8.946177180332797185e-01 9.890069368441399433e+01 -1.635486524303080003e-02 9.935399649437508529e-01 -1.122980696292302100e-01 -9.533776863744563457e+00 -9.009950971824435273e-01 3.405220572479409485e-02 4.324907885012996278e-01 7.239176763398369019e+01
4.397794113400637639e-01 1.105756357853812100e-01 8.912727405974256722e-01 1.001449215019935934e+02 -1.782618542804996140e-02 9.932708944061432454e-01 -1.144340746399593461e-01 -9.693774926405565040e+00 -8.979288927718455104e-01 3.443775684155025302e-02 4.387912310304871721e-01 7.302259520021969763e+01
4.442271623749926013e-01 1.090729568506511177e-01 8.892498626888384328e-01 1.013577423348341426e+02 -1.468420752544161503e-02 9.933145186685573558e-01 -1.145017076361775771e-01 -9.834567167382713748e+00 -8.957938391491718777e-01 3.780683914461682033e-02 4.428589399078235456e-01 7.362475220174403034e+01
4.479271023161031096e-01 1.092054980835277661e-01 8.873756082961871128e-01 1.025220628450114617e+02 -1.499459929529858848e-02 9.932903481016732705e-01 -1.146710354013987382e-01 -9.980211684274802764e+00 -8.939443343982181878e-01 3.805842293611264721e-02 4.465591600683422313e-01 7.422695456012421289e+01
4.532769643988232566e-01 1.111372459446261507e-01 8.844142163654040711e-01 1.036465247792621369e+02 -1.255692366366362341e-02 9.928945135574253067e-01 -1.183334636342038143e-01 -1.012521628715300714e+01 -8.912812783927941407e-01 4.253231138095117658e-02 4.514517529870727963e-01 7.481439398034355293e+01
4.596709016636368883e-01 1.089686117269291904e-01 8.813787516284046220e-01 1.047462123343781712e+02 -8.031735275262640722e-03 9.929132999103309487e-01 -1.185692628367210205e-01 -1.027250311054024046e+01 -8.880530127150112474e-01 4.742383914742748230e-02 4.572885588863028761e-01 7.539440481931633542e+01
4.660844536978255848e-01 1.078011527691293409e-01 8.781481614641385436e-01 1.058037811428719692e+02 -5.862757724936492471e-03 9.929036721191969450e-01 -1.187767905109039929e-01 -1.041477819493872836e+01 -8.847208091217584336e-01 5.021164559999308219e-02 4.634089776353955692e-01 7.596962262990965087e+01
4.725670040399389538e-01 1.069408926686176986e-01 8.747822998712054821e-01 1.068331087479302681e+02 -3.859015818671187627e-03 9.928519478740677195e-01 -1.192900565830155996e-01 -1.055164171616815949e+01 -8.812862955303619739e-01 5.299674591809391822e-02 4.696017570585371281e-01 7.654836505682790460e+01
4.802361067912621073e-01 1.087876168993518744e-01 8.703668974308086392e-01 1.078424683026196078e+02 -2.904643899073046202e-03 9.924708306943990088e-01 -1.224467772731790277e-01 -1.069287305009796007e+01 -8.771344507986174044e-01 5.627525770823073314e-02 4.769363171242896882e-01 7.713268201374607713e+01
4.897363717749801948e-01 1.184374548453644704e-01 8.637886636501030946e-01 1.088254859446248304e+02 -9.079882831575831689e-03 9.913694903163138283e-01 -1.307826035745394966e-01 -1.083305550018542007e+01 -8.718232859292325276e-01 5.620589790869409685e-02 4.865850954887891988e-01 7.772302230780826449e+01
5.008687025819510419e-01 1.319651112023274842e-01 8.554038532758841962e-01 1.097961896211015613e+02 -2.011447957512795329e-02 9.898161354755234953e-01 -1.409234744949196816e-01 -1.097926984271440887e+01 -8.652895183031491522e-01 5.337815449840752763e-02 4.984223331042149652e-01 7.833450895985779994e+01
5.122641072391412864e-01 1.369884643484845232e-01 8.478323213170925188e-01 1.107804243126945778e+02 -2.855299814542170897e-02 9.893677204697444161e-01 -1.426051892092549123e-01 -1.112949419295212472e+01 -8.583531969599660361e-01 4.884336523975218308e-02 5.107290034261444678e-01 7.896855770804602059e+01
5.229843823414792592e-01 1.339473187963395318e-01 8.417514191340419449e-01 1.117802746915726999e+02 -4.206001591343803969e-02 9.904269685669973011e-01 -1.314738567037101458e-01 -1.128364140473063770e+01 -8.513038769371746861e-01 3.335469565830501831e-02 5.236116627704912041e-01 7.962933513649328177e+01
