1.000000000000000000e+00 0.000000000000000000e+00 0.000000000000000000e+00 0.000000000000000000e+00 0.000000000000000000e+00 1.000000000000000000e+00 0.000000000000000000e+00 0.000000000000000000e+00 0.000000000000000000e+00 0.000000000000000000e+00 1.000000000000000000e+00 0.000000000000000000e+00
9.999684663683695574e-01 -1.425886308833175086e-03 -7.812369494918095653e-03 -8.987818430731675870e-03 1.394891221005243286e-03 9.999911408889409214e-01 -3.971450882971464674e-03 -1.721697725785097067e-03 7.817963121709337743e-03 3.960428243078571373e-03 9.999615964929648992e-01 1.379767161199774828e+00
9.998553361419004748e-01 -3.360464012549937507e-04 -1.700570084951316327e-02 -3.908013240241246800e-02 2.310598364005036641e-04 9.999809065865151725e-01 -6.175198277229042472e-03 -9.476255460739475486e-03 1.700745130579334186e-02 6.170375614765565356e-03 9.998363231373693649e-01 2.833834686902450883e+00
9.996528978442369429e-01 2.112840679353681652e-04 -2.634462356273493955e-02 -8.070686745615704427e-02 -4.151905957140381172e-04 9.999700002748578287e-01 -7.734737685910429358e-03 -2.527556896743735765e-02 2.634219900442638998e-02 7.742990981736260804e-03 9.996229962552225512e-01 4.339321877967368124e+00
9.993386875502993094e-01 3.054807365423274634e-03 -3.623335089672753695e-02 -1.397633204194791701e-01 -3.301641951915795879e-03 9.999717376693166848e-01 -6.754481699436293285e-03 -4.453218879693820326e-02 3.621169321733767876e-02 6.869644427976299636e-03 9.993205297900005224e-01 5.918285038167143242e+00
9.989980023076628912e-01 1.639423644064698371e-03 -4.472475461546850106e-02 -2.090697427773199613e-01 -1.699797461908097128e-03 9.999976948008810762e-01 -1.311899962594137263e-03 -6.594884407605226817e-02 4.472250075618625087e-02 1.386608466238873141e-03 9.989984861064981070e-01 7.533400586107987351e+00
9.987370020750152566e-01 2.738525667828193687e-03 -5.016872694595201493e-02 -2.931473078333928228e-01 -2.858479945614583739e-03 9.999932246580762740e-01 -2.319424571398718757e-03 -8.136820376467684968e-02 5.016203523194972397e-02 2.459901442849899127e-03 9.987380633110368722e-01 9.190042243449388693e+00
9.985135007326065848e-01 -1.976318279910766948e-04 -5.450458509497426579e-02 -3.790807016063774126e-01 8.187753481748896289e-05 9.999977367539343298e-01 -2.125978146200730931e-03 -9.821049462447475897e-02 5.450488189863379046e-02 2.118355180180080208e-03 9.985112570324619075e-01 1.088142185112495852e+01
9.983190037824654084e-01 6.239690656258278399e-04 -5.795495966171722996e-02 -4.873305727358557826e-01 -8.844394811826935101e-04 9.999896236636643954e-01 -4.468817719121394305e-03 -1.253350739228120125e-01 5.795156989754680910e-02 4.512563307893869072e-03 9.983091967515890230e-01 1.259325106755811063e+01
9.980843775275785035e-01 4.608856378920739988e-03 -6.169549236585036150e-02 -6.004126535146974142e-01 -5.137591404121392112e-03 9.999514021371902484e-01 -8.414185547697364265e-03 -1.516413614297897894e-01 6.165371432404145868e-02 8.715033376026899356e-03 9.980595511808427744e-01 1.434217013623639403e+01
9.979176764084256579e-01 4.943432301978997571e-03 -6.431075795451693389e-02 -7.222331339075501733e-01 -5.391478629190721121e-03 9.999623777894993681e-01 -6.795216240934678215e-03 -1.803042976244693119e-01 6.427474675017934291e-02 7.127796478985165378e-03 9.979067849491530806e-01 1.613212285847601279e+01
9.976822784950559742e-01 5.168518170025235628e-03 -6.784804784840921255e-02 -8.375375603577758232e-01 -5.536791315777138053e-03 9.999709375856828952e-01 -5.240985206558735482e-03 -2.069951237404805133e-01 6.781898789306309294e-02 5.604498544557900801e-03 9.976819004458412632e-01 1.796911315198746451e+01
9.974651692329751240e-01 3.892211246466130078e-03 -7.104988992704687478e-02 -9.660681158061771301e-01 -4.432728279684459982e-03 9.999624124469065345e-01 -7.451483970399016415e-03 -2.280047782622781349e-01 7.101821658582448127e-02 7.747540575918943420e-03 9.974449300728306378e-01 1.979559245359995145e+01
9.974205408701843911e-01 6.339050232948974066e-03 -7.149881881802817862e-02 -1.108179462311573493e+00 -6.551827621937775237e-03 9.999747776627500029e-01 -2.741822960378886322e-03 -2.553652385141385595e-01 7.147963489723124786e-02 3.203198476179279150e-03 9.974369159573357457e-01 2.164767950790534101e+01
9.975418546989116564e-01 5.868984713859955356e-03 -6.982695140333709805e-02 -1.240609625917691528e+00 -5.608562609853088264e-03 9.999765688995906343e-01 3.925006656511464964e-03 -2.729476339398460571e-01 6.984835108509630797e-02 -3.523729591041237404e-03 9.975513977637757712e-01 2.354373121014012327e+01
9.977137308655026349e-01 6.463885185580238620e-03 -6.727205534802019327e-02 -1.372458358569856651e+00 -6.361571668309245510e-03 9.999782598479386442e-01 1.735003572768488173e-03 -2.878780824324911336e-01 6.728180770719836834e-02 -1.303080886280930020e-03 9.977331608861438328e-01 2.544028703087880672e+01
9.978088571319565503e-01 5.986814368470080860e-03 -6.589114267286665105e-02 -1.495809649354278070e+00 -6.378525402006871708e-03 9.999632053806111198e-01 -5.736052530247491045e-03 -3.096752629070345653e-01 6.585437755164449958e-02 6.143772346961254467e-03 9.978103301823622040e-01 2.734350309090818243e+01
9.978154308789894955e-01 1.285670726787951261e-03 -6.605083610794457161e-02 -1.619124782732658474e+00 -1.282106566442398499e-03 9.999991734594463333e-01 9.634924364993868035e-05 -3.285203579148164854e-01 6.605090538765200081e-02 -1.145455137442543542e-05 9.978162545109522386e-01 2.930547332270185024e+01
9.975783029408161751e-01 -9.986788391563333755e-03 -6.883163196774409742e-02 -1.732108972198060926e+00 1.020226864063594405e-02 9.999440919081975521e-01 2.779707264248039000e-03 -3.469715539059446407e-01 6.880002337430657366e-02 -3.475214455649132915e-03 9.976244181395034216e-01 3.129295421224878027e+01
9.973575579768623189e-01 -1.166062808297643055e-02 -7.170726113260676715e-02 -1.871687957633305199e+00 1.132283837839985485e-02 9.999228101531634216e-01 -5.115375495304143316e-03 -3.689984995144596214e-01 7.176137455125834730e-02 4.289928683768996429e-03 9.974126035068950902e-01 3.325332301669343593e+01
9.971555774245194348e-01 -1.010883204846514845e-02 -7.468979800340151687e-02 -2.027414785728153479e+00 9.796049026943984619e-03 9.999416524312336740e-01 -4.552928349536262270e-03 -3.967359784207695750e-01 7.473146482329050266e-02 3.808312974300424522e-03 9.971964224352469763e-01 3.522721522408050276e+01
9.969729863092506861e-01 -6.385276783764465280e-03 -7.748608139536561357e-02 -2.180851132604030962e+00 6.344183551746979469e-03 9.999795739948746931e-01 -7.764844434698593874e-04 -4.255145824917501152e-01 7.748945673235972664e-02 2.825480913510088760e-04 9.969931315018676354e-01 3.718419009240386686e+01
9.968982289933313590e-01 -4.457433224144755936e-03 -7.857513804640543775e-02 -2.336270371618001107e+00 4.831163933518780804e-03 9.999779014391323440e-01 4.566890455910601471e-03 -4.483640843538577725e-01 7.855304503968543739e-02 -4.932334380504888038e-03 9.968977335677680074e-01 3.914934078155304320e+01
9.968233199148254231e-01 1.735224301786627643e-03 -7.962573623275168155e-02 -2.498998684237907941e+00 -1.252571257969549651e-03 9.999805427664617552e-01 6.111068133808970730e-03 -4.652501054794316859e-01 7.963479101014180050e-02 -5.991918316769355261e-03 9.968060979827806367e-01 4.111210391372606665e+01
9.968110651294393998e-01 4.332221754456046930e-03 -7.968018756367489797e-02 -2.668685182224183716e+00 -4.213442269503019262e-03 9.999897476331625068e-01 1.658774488941378716e-03 -4.740310220217003878e-01 7.968655683208904217e-02 -1.317756894808486644e-03 9.968190990229939263e-01 4.311961578217763247e+01
9.966413571523549120e-01 2.135327930338265859e-03 -8.186235757747024888e-02 -2.835067676216329158e+00 -1.931812701809995517e-03 9.999948439371042497e-01 2.565189835369111829e-03 -4.910958386721596125e-01 8.186741301150785022e-02 -2.398431536707435353e-03 9.966403434604522715e-01 4.511146189227066827e+01
9.965132670267139448e-01 4.903355023526891239e-03 -8.329025002518658516e-02 -3.005882443159861417e+00 -4.941422719778125125e-03 9.999877596181144801e-01 -2.509092438902627009e-04 -5.132400167741987262e-01 8.328800022361741717e-02 6.616067241667421099e-04 9.965252988736887918e-01 4.708609007753805997e+01
9.963376294189456583e-01 6.631290764683685050e-03 -8.524877821194681848e-02 -3.172340842879473044e+00 -7.198866921124683418e-03 9.999539119048960201e-01 -6.352194986598480239e-03 -5.300264485343542109e-01 8.520272600619893666e-02 6.942625504090719699e-03 9.963394478952561917e-01 4.899991009119327146e+01
9.962902667017814462e-01 4.044719048361792441e-03 -8.596129782124500851e-02 -3.339231786519296197e+00 -4.101292529724154604e-03 9.999914737260672259e-01 -4.815337521750472083e-04 -5.548229922527092572e-01 8.595861722293227092e-02 8.322998189800503294e-04 9.962983606340691800e-01 5.096724935367780773e+01
9.962153067698021891e-01 -3.166036723849045809e-04 -8.691928623535186138e-02 -3.497972155926062587e+00 2.077894128426538607e-04 9.999991834205785857e-01 -1.260944779246546583e-03 -5.859758199521486466e-01 8.691961447859912482e-02 1.238111582625330866e-03 9.962145590677753404e-01 5.288741178037957980e+01
9.960393400479937709e-01 -4.329340989495812642e-03 -8.880816338238897711e-02 -3.659804465657667816e+00 4.189125117099477824e-03 9.999896676229116377e-01 -1.765185024972787571e-03 -6.128256299556187336e-01 8.881488787083899328e-02 1.386165219507855869e-03 9.960471847450178551e-01 5.480315906415867744e+01
9.958292490801042840e-01 -8.076788749646745397e-03 -9.087833713294325710e-02 -3.827557398886500817e+00 8.770379535116210046e-03 9.999353632107137457e-01 7.235319168375332378e-03 -6.364705360840720028e-01 9.081402490455603438e-02 -8.002179962474258168e-03 9.958357183775263799e-01 5.671412354718963655e+01
9.956531575251286181e-01 -4.708199456912203103e-03 -9.301947520877056064e-02 -4.010949502891373086e+00 5.207143703139964670e-03 9.999733256104298418e-01 5.121886573573755305e-03 -6.504316598553574469e-01 9.299287910746713293e-02 -5.583988314067013514e-03 9.956511153560835270e-01 5.861152567388474921e+01
9.954292760330146761e-01 -1.010092242686885756e-03 -9.549626238785254018e-02 -4.192870327293563903e+00 2.716781425836262988e-04 9.999699695659648446e-01 -7.745073093944411166e-03 -6.747056544320940707e-01 9.550121783189549629e-02 7.683728255538655252e-03 9.953996572797887410e-01 6.043757255766804803e+01
9.952073746611344029e-01 6.980143374360582749e-03 -9.753747494458579748e-02 -4.384224665116848385e+00 -7.442691221251675378e-03 9.999627136937971894e-01 -4.379220195731349172e-03 -7.200126513476399204e-01 9.750327054759461154e-02 5.084173542569939488e-03 9.952222181060430550e-01 6.222369704671174873e+01
9.949930852983119856e-01 1.093360649193563829e-02 -9.934393014988572579e-02 -4.584426482222649923e+00 -1.133965958882154554e-02 9.999294957323985322e-01 -3.523589754988808165e-03 -7.513077125255116506e-01 9.929840043502972946e-02 4.632473791757207339e-03 9.950469174152614116e-01 6.400961996356245720e+01
9.946558423258081705e-01 1.382950749335588175e-02 -1.023156881891911091e-01 -4.769430687081008813e+00 -1.411937688504950536e-02 9.998980916657883578e-01 -2.109378935428981097e-03 -7.871837373041064012e-01 1.022760896960501209e-01 3.542739844599827187e-03 9.947497426342364335e-01 6.569895065259839839e+01
9.943762950379996246e-01 1.378565351235870422e-02 -1.050035219587318741e-01 -4.954870821345049414e+00 -1.393563685225123437e-02 9.999026529077889025e-01 -6.947902479901928684e-04 -8.164254092230038840e-01 1.049837220335746307e-01 2.154173902849295004e-03 9.944716072582335809e-01 6.734943250594166386e+01
9.940113751733479219e-01 1.841359558496862350e-02 -1.077140915740482929e-01 -5.128221514378065393e+00 -1.784705659698785501e-02 9.998213726136007118e-01 6.221369293040973462e-03 -8.464790497302158157e-01 1.078094086655387446e-01 -4.261732357821729558e-03 9.941624460019088394e-01 6.891061923563289326e+01
9.935611489943096952e-01 2.453921664121891388e-02 -1.106077305424073981e-01 -5.318693516904065000e+00 -2.428510783477448587e-02 9.996984311985979144e-01 3.644200394702672239e-03 -8.679061626442122757e-01 1.106638005246514400e-01 -9.346152677442653121e-04 9.938574594718010413e-01 7.043769810881416049e+01
9.932924635931661417e-01 2.374717487381777792e-02 -1.131642764061620843e-01 -5.503762607096172488e+00 -2.500887362283043397e-02 9.996397548496122054e-01 -9.742523509100023751e-03 -8.904722259246790061e-01 1.128921521149066493e-01 1.250728626522906034e-02 9.935285248955592063e-01 7.187668732307926689e+01
9.930772474812168404e-01 2.797914113942799597e-02 -1.140821992960739245e-01 -5.683133045280985840e+00 -2.902620254431924687e-02 9.995503104517078352e-01 -7.527047346176214682e-03 -9.222605159271912711e-01 1.138202974033423881e-01 1.078631248367070694e-02 9.934427992401076990e-01 7.325354258911804095e+01
9.928610220429356925e-01 2.532383876392945571e-02 -1.165576857101883329e-01 -5.841758099990095765e+00 -2.650681212993593119e-02 9.996115516926803446e-01 -8.610147110305785625e-03 -9.583840917507711055e-01 1.162943670973139304e-01 1.163825213729830985e-02 9.931466010960442459e-01 7.455562190324458527e+01
9.931877301954437076e-01 1.302777596015186959e-02 -1.157946874547954863e-01 -5.971492964098994882e+00 -1.529660272106979010e-02 9.997076230085598647e-01 -1.872651712865319729e-02 -9.915711210112653218e-01 1.155168668827865897e-01 2.037021237267962193e-02 9.930966256681561521e-01 7.577094062624254889e+01
9.938528700779005742e-01 2.058002978747789161e-02 -1.087792949594063030e-01 -6.116132688588284516e+00 -2.246876745600510580e-02 9.996168372318240403e-01 -1.616580377381977157e-02 -1.025463368800249242e+00 1.084049220604256375e-01 1.851056716019802706e-02 9.939344705645749567e-01 7.694082087738611619e+01
9.949903614665190910e-01 1.554629405610208695e-02 -9.875471295004706329e-02 -6.216095912980354576e+00 -1.652843004012811284e-02 9.998216670924849891e-01 -9.134824180750431705e-03 -1.056523265413347401e+00 9.859508907209109385e-02 1.072132237766575298e-02 9.950698777760994540e-01 7.805779198707870137e+01
9.966658632975470278e-01 1.503106849009245780e-02 -8.019491204185438815e-02 -6.291369594667884257e+00 -1.557093697425658389e-02 9.998600921785130158e-01 -6.110809317902497761e-03 -1.086759779706613971e+00 8.009184015302893422e-02 7.339144965333747536e-03 9.967604697679780523e-01 7.910938809623141310e+01
9.985646377387641381e-01 2.547493712527099455e-02 -4.711360563694477060e-02 -6.350080707918980494e+00 -2.581003632394833491e-02 9.996456169073304476e-01 -6.517869507742090479e-03 -1.106272553282736659e+00 4.693086705577181189e-02 7.724517876668732588e-03 9.988682723667657859e-01 8.012039357273093287e+01
9.997878296974386236e-01 2.057074158493645694e-02 1.067791894816906562e-03 -6.326341078028528742e+00 -2.056461973688851474e-02 9.997736258738347814e-01 -5.458335109126843769e-03 -1.128857298558565203e+00 -1.179832175373714265e-03 5.435218278240209859e-03 9.999845330795404941e-01 8.108644345631512351e+01
9.977704364368981116e-01 1.922027822588133830e-02 6.391194784577340637e-02 -6.242784813075669348e+00 -1.907105076206486866e-02 9.998137960584757566e-01 -2.944186470374175919e-03 -1.152699557686944987e+00 -6.395663527228361012e-02 1.718754217827655507e-03 9.979511985506043237e-01 8.200803003462074514e+01
9.893959025860383782e-01 1.958913618989643543e-02 1.439166900998333776e-01 -6.091962243234385177e+00 -1.932878554810142993e-02 9.998080378685556546e-01 -3.207095674478819668e-03 -1.171815347643233141e+00 -1.439518877791929330e-01 3.913524797984901937e-04 9.895846102522228849e-01 8.289304510992425890e+01
9.707498875361114665e-01 2.184606100521390218e-02 2.390970628577079871e-01 -5.863079315533428648e+00 -2.094883779652495157e-02 9.997607405399453473e-01 -6.293478370163643580e-03 -1.194031305644593255e+00 -2.391773443359578033e-01 1.100587832615642758e-03 9.709752760306628039e-01 8.372796880893061200e+01
9.367631947732265596e-01 2.345972879709981931e-02 3.491766859958205238e-01 -5.542870942902049514e+00 -2.035129385217758838e-02 9.997138862216898847e-01 -1.256863294353357044e-02 -1.215177636826277441e+00 -3.493716384550982212e-01 4.667635407086033125e-03 9.369726097506303475e-01 8.449843886777705393e+01
8.852685395205008856e-01 2.442276747982126406e-02 4.644385226958086532e-01 -5.122366186862613802e+00 -1.851492090213479810e-02 9.996792943468576498e-01 -1.727733075903836735e-02 -1.236805616107277128e+00 -4.647115348678431124e-01 6.696034856249278092e-03 8.854368145034280380e-01 8.518750379429964426e+01
8.165441703414620944e-01 2.268546993029287376e-02 5.768370544056737881e-01 -4.626394683750953973e+00 -1.278144944705381265e-02 9.996930742169478634e-01 -2.122243889615893497e-02 -1.265359577553577530e+00 -5.771414492404831620e-01 9.956245111012914858e-03 8.165835050696806929e-01 8.579235660229313964e+01
7.348734439507524918e-01 2.147811438347429353e-02 6.778640807554934256e-01 -4.065697386468559493e+00 -1.176781874120231934e-02 9.997517525593058174e-01 -1.891961143024199071e-02 -1.289454484617363894e+00 -6.781021603106971440e-01 5.926538376449558450e-03 7.349437640560257945e-01 8.632824875571088796e+01
6.440349640237803541e-01 1.946673064254863042e-02 7.647483321413509616e-01 -3.446701940239560891e+00 -6.104277585885479855e-03 9.997751235481630028e-01 -2.030862204606328700e-02 -1.312527660196542323e+00 -7.649717007249632328e-01 8.411226566075149375e-03 6.440089660537443583e-01 8.677546324166357294e+01
5.514414277002445131e-01 1.876372032064283976e-02 8.340025627152740650e-01 -2.782311402444445303e+00 -7.022476060241718450e-04 9.997570941754573282e-01 -2.202860626879628303e-02 -1.342459413896839315e+00 -8.342133172421887233e-01 1.156180978802672996e-02 5.513206561432379971e-01 8.713930068653721150e+01
4.592809901621747182e-01 2.366930090947268889e-02 8.879756394575861744e-01 -2.098383739166053807e+00 -3.697024589844776898e-03 9.996872112394089571e-01 -2.473482754247164142e-02 -1.373319051190729834e+00 -8.882833467339322775e-01 8.077368310939145660e-03 4.592248382179862087e-01 8.744618760559744430e+01
3.771246921937817520e-01 1.381919165724461267e-02 9.260593914429491313e-01 -1.375703081052971344e+00 2.004830286933012226e-02 9.995325805450999690e-01 -2.307999092100736574e-02 -1.388014731502885679e+00 -9.259454800849811207e-01 2.726995362655595945e-02 3.766713654359737928e-01 8.767145953449427509e+01
3.084666167248905078e-01 1.456031679924113531e-02 9.511237267259212702e-01 -6.379899577301401115e-01 2.264666507562022868e-02 9.994870253850633990e-01 -2.264541118794173927e-02 -1.407159427937838103e+00 -9.509655487593929868e-01 2.852513385812604357e-02 3.079786385630083334e-01 8.787546048820493638e+01
2.488854229566018206e-01 2.685126315825334814e-02 9.681606560414027784e-01 1.153293379433428800e-01 8.188911543590677786e-03 9.995215564248834950e-01 -2.982616250391961765e-02 -1.448390261927756661e+00 -9.684983159342333003e-01 1.535147904226813118e-02 2.485464627062118903e-01 8.807253042508146734e+01
2.002681364888120874e-01 2.973708028029387052e-02 9.792897321853741843e-01 9.162603006927195759e-01 1.750118113998548261e-02 9.992712075551850592e-01 -3.392288917395119840e-02 -1.485311755556001589e+00 -9.795848009059783257e-01 2.393240079068780293e-02 1.996017485554425763e-01 8.819820297043976609e+01
1.609902568965214664e-01 4.271685685437121016e-02 9.860311391253702151e-01 1.756157700739142902e+00 2.659069420278989404e-02 9.985125257531201060e-01 -4.759906402376729712e-02 -1.500144032947930972e+00 -9.865977256036053689e-01 3.388223804013156676e-02 1.596149171574707815e-01 8.830018870538653175e+01
1.277562482138460132e-01 3.933872893584634128e-02 9.910251285653832731e-01 2.654886650256504055e+00 2.267314449426777873e-02 9.988361140759797197e-01 -4.257165414144561955e-02 -1.546572073999699537e+00 -9.915464031305168957e-01 2.790845075078175752e-02 1.267156218294614167e-01 8.841466300633176445e+01
9.996924345126458056e-02 3.370778791916578809e-02 9.944193961289061745e-01 3.606677764605811021e+00 2.575547932694399050e-02 9.990034431391953129e-01 -3.645237825810949267e-02 -1.595382410003963969e+00 -9.946571296926508543e-01 2.925586487577268649e-02 9.900145818092508099e-02 8.850057655646304511e+01
7.829020294213759334e-02 3.363604589658069494e-02 9.963630164451721116e-01 4.615354803610074441e+00 3.316233412306943129e-02 9.987896906726794199e-01 -3.632373055570911613e-02 -1.636251357689414876e+00 -9.963788956610786229e-01 3.588551549604609980e-02 7.707999778667801172e-02 8.856353619938175825e+01
6.501172555471249059e-02 3.450196405120971310e-02 9.972878671762771541e-01 5.692994764993056123e+00 3.754439343011389818e-02 9.986099219772200941e-01 -3.699516523298355952e-02 -1.680912270679764564e+00 -9.971779650906680281e-01 3.984768757732328609e-02 6.362599887134602616e-02 8.862478255594388088e+01
5.350182666888969596e-02 3.646666217082305400e-02 9.979016670460126859e-01 6.842533559667582921e+00 3.924748063530531655e-02 9.984839907164740902e-01 -3.859216949960050241e-02 -1.726330650117593679e+00 -9.977961664623067328e-01 4.122987791667130641e-02 5.198949278559085452e-02 8.868347794876554246e+01
4.649039766352093539e-02 3.639931428850226580e-02 9.982553445108190981e-01 8.068561189258367961e+00 4.360727016598409805e-02 9.983092588972087844e-01 -3.843214265139622415e-02 -1.779728948901575958e+00 -9.979664568079231746e-01 4.531791609764540540e-02 4.482451970527120272e-02 8.873006156022374569e+01
4.115375070215390729e-02 3.535788122930458993e-02 9.985270096688014796e-01 9.365876827143996053e+00 4.691290861582773225e-02 9.982030795314178473e-01 -3.727990100842009519e-02 -1.835683554547181240e+00 -9.980508743587923615e-01 4.837801410732973928e-02 3.942105963419899328e-02 8.877881088783719576e+01
4.159000958461035041e-02 3.479966425199546715e-02 9.985285446449186919e-01 1.071914351083152006e+01 5.468527173796923491e-02 9.978159300313470537e-01 -3.705254148669258341e-02 -1.892241450277954096e+00 -9.976371044411382893e-01 5.614582035759208001e-02 3.959614499767051543e-02 8.882577401057642419e+01
4.802032993207973333e-02 3.483550005248057385e-02 9.982387168655136866e-01 1.213489261590573776e+01 5.839546437024187298e-02 9.975843679767549821e-01 -3.762178237939820674e-02 -1.953337027891006716e+00 -9.971379130562634252e-01 6.009922382620769971e-02 4.587009528319519608e-02 8.888624877099610444e+01
5.655599325629818985e-02 3.295940826429420017e-02 9.978552485374122538e-01 1.362238064631041823e+01 5.988258165888638018e-02 9.975436103526479359e-01 -3.634311294416262689e-02 -2.012728467747373351e+00 -9.966019747324720290e-01 6.180956925487292308e-02 5.444337524315291665e-02 8.896546124653988841e+01
6.488612909182078781e-02 2.945657480304232634e-02 9.974578188837621706e-01 1.517651825167555302e+01 5.719199745141478192e-02 9.978114396246972051e-01 -3.318744313151299197e-02 -2.075856912742152449e+00 -9.962524106264432078e-01 5.920000975475270960e-02 6.305944152972102479e-02 8.906834123756610211e+01
7.284293292283097743e-02 2.983018605869485612e-02 9.968972199393995037e-01 1.677272471423117395e+01 5.303112957126702998e-02 9.980227405043584632e-01 -3.373883122703453391e-02 -2.137740561453723487e+00 -9.959325310580018353e-01 5.532422105980779742e-02 7.111697508000566770e-02 8.919782413790827036e+01
7.789131329109266755e-02 3.969618758852979518e-02 9.961712483326975454e-01 1.835996637746075066e+01 4.461180798832346112e-02 9.980673130968256146e-01 -4.325997128636219213e-02 -2.208235070576340497e+00 -9.959632171429846359e-01 4.781057643053652356e-02 7.596985507145637140e-02 8.931402085540247526e+01
7.704188057817776270e-02 4.299128079453881646e-02 9.961005463368760582e-01 1.996789999346952627e+01 3.851586789846830894e-02 9.981958440801539378e-01 -4.606066414130199210e-02 -2.291916335309005515e+00 -9.962836325851226471e-01 4.191427724242897945e-02 7.524703852138855953e-02 8.945858234495503325e+01
7.748902764193481285e-02 3.982193909145379657e-02 9.961976027686998414e-01 2.160098551484907503e+01 3.687526401053867198e-02 9.984038350135581164e-01 -4.277846577863605310e-02 -2.387979842730019620e+00 -9.963110284942461314e-01 4.004991132596183445e-02 7.589689785177079762e-02 8.958059357610446227e+01
7.771432609328556007e-02 3.970707531139181651e-02 9.961846373489616768e-01 2.324090579843623772e+01 3.236048046485914126e-02 9.985796016698271771e-01 -4.232704139216156985e-02 -2.482714772791974056e+00 -9.964503413737946236e-01 3.552643099363830131e-02 7.631900075934160144e-02 8.972636624345224732e+01
7.687003286829303950e-02 4.204295467210945880e-02 9.961542992976876176e-01 2.486817702948306774e+01 2.686963531289148985e-02 9.986603140189260763e-01 -4.422216527685632337e-02 -2.570311419276373854e+00 -9.966789958381692127e-01 3.016566203583686753e-02 7.563737230337913564e-02 8.985985543136436604e+01
7.019149227686011239e-02 4.055793755061023326e-02 9.967086876884284630e-01 2.650081576231680813e+01 2.145796340535977356e-02 9.988805258363112616e-01 -4.215745380677304865e-02 -2.660977205304990711e+00 -9.973027174426243313e-01 2.434643313951266597e-02 6.924262397498802402e-02 8.999186099213116563e+01
5.906880432911805479e-02 3.630457103899763921e-02 9.975935316935469199e-01 2.812762652946500452e+01 1.795066097237442773e-02 9.991382500957142199e-01 -3.742366853116665254e-02 -2.747267602851700019e+00 -9.980925057958227598e-01 2.011803462940978809e-02 5.836621074617311805e-02 9.010407631377755422e+01
4.342763061484928439e-02 3.751054922990765955e-02 9.983521420799635893e-01 2.973453764695033996e+01 1.722036022416529102e-02 9.991183397270396727e-01 -3.828841097297186469e-02 -2.834762014414041520e+00 -9.989081539826027978e-01 1.885475848574779192e-02 4.274339702824257736e-02 9.017288447493602632e+01
2.339045612145828484e-02 3.711094481210178847e-02 9.990373688394161844e-01 3.134042218273435054e+01 1.842447855441668031e-02 9.991250514587032283e-01 -3.754557414187111725e-02 -2.916769768143803621e+00 -9.995566142807665866e-01 1.928495068176309252e-02 2.268624086917034322e-02 9.021566029460659308e+01
1.542534609665521111e-03 3.536913304302585076e-02 9.993731260218893242e-01 3.292839317290004431e+01 1.879845397580064831e-02 9.991966929679962917e-01 -3.539190429944350652e-02 -2.997147661515174644e+00 -9.998221035339731610e-01 1.884126295145837487e-02 8.764104610936920836e-04 9.022565277300206787e+01
-2.012435340512440038e-02 3.630815512673279261e-02 9.991379926072869733e-01 3.448084843241557707e+01 1.953612357192313284e-02 9.991638550666811502e-01 -3.591560390794025504e-02 -3.078781419114015705e+00 -9.996065977552415216e-01 1.879650498317732982e-02 -2.081684713421227614e-02 9.018825705472779930e+01
-4.079828819919402438e-02 3.861054953402891232e-02 9.984211161352188890e-01 3.602354839768578643e+01 2.020985813726709768e-02 9.990805517766540023e-01 -3.781021946154003444e-02 -3.155658319487084196e+00 -9.989629929652490414e-01 1.863535688787797129e-02 -4.154109001427783165e-02 9.012481826685797159e+01
-5.997338268199069178e-02 3.968782743616998399e-02 9.974106825791854147e-01 3.754343858045913151e+01 2.227407645145742382e-02 9.990136942323790681e-01 -3.841229301162259885e-02 -3.236878086471146165e+00 -9.979514311267434490e-01 1.991268664879031550e-02 -6.079824029125267121e-02 9.003644287921888179e+01
-7.770579300138388823e-02 3.934210794845204029e-02 9.961997833146715164e-01 3.902292620885029351e+01 2.412256896648062865e-02 9.990027564420597139e-01 -3.757118959556238896e-02 -3.319986847621970938e+00 -9.966844592951596971e-01 2.111139889587270585e-02 -7.857733411217134034e-02 8.991749899366459431e+01
-8.981857111413953099e-02 3.672741071781644717e-02 9.952807250142944318e-01 4.047339089032184489e+01 2.957144965177461310e-02 9.989775871519017691e-01 -3.419517120381916631e-02 -3.389133057628420875e+00 -9.955190373109435997e-01 2.636053243261152548e-02 -9.081282222991605979e-02 8.977528209595806175e+01
-9.631858822527734898e-02 3.364883603344270835e-02 9.947816269895037866e-01 4.188267619626990523e+01 3.351936323617267510e-02 9.989711960965393933e-01 -3.054507583380084226e-02 -3.466679443309137021e+00 -9.947859980169262428e-01 3.040238811418627396e-02 -9.734738284321424462e-02 8.963528242047809158e+01
-9.901605736175239647e-02 3.342480951314110577e-02 9.945243096543918693e-01 4.324584861586641438e+01 3.450487983711808537e-02 9.989499997203608039e-01 -3.013820376397734202e-02 -3.529689708283188398e+00 -9.944874225710252924e-01 3.133177568704344218e-02 -1.000654095096628060e-01 8.950504747259763860e+01
-9.515011264617728726e-02 3.618959455862113400e-02 9.948048900709639542e-01 4.454326194489762258e+01 3.611606841625843167e-02 9.988065299458267488e-01 -3.288077462181087512e-02 -3.592730215457970111e+00 -9.948075621272551849e-01 3.279983206147250169e-02 -9.634357970911822111e-02 8.938022390668808725e+01
-8.211281978543631677e-02 3.738687564611221925e-02 9.959215362448524678e-01 4.577849569128803608e+01 3.554055071042874769e-02 9.987703596605609357e-01 -3.456353452289297884e-02 -3.658572835805110390e+00 -9.959891335160663273e-01 3.255749058109225214e-02 -8.334060069964774331e-02 8.928730484338906592e+01
-5.741638834437889222e-02 3.732159787506270088e-02 9.976524728990249224e-01 4.691087278087526613e+01 3.349758069562335655e-02 9.988103551738707342e-01 -3.543707782801128192e-02 -3.726997437523918322e+00 -9.977881891649291735e-01 3.138427519476021110e-02 -5.859826647155903789e-02 8.923614622796141305e+01
-1.904349020748553889e-02 4.115810259819267791e-02 9.989711487681885993e-01 4.798906493206364843e+01 3.044005779762396294e-02 9.987130250062187242e-01 -4.056718580586046036e-02 -3.790014142463574487e+00 -9.993551662757318432e-01 2.963619870102332174e-02 -2.027183673372328493e-02 8.923333255070643588e+01
3.441338115399682207e-02 4.663399443044973641e-02 9.983190821380761859e-01 4.904292868603035771e+01 2.612981807047678670e-02 9.985272945104181064e-01 -4.754444999482644596e-02 -3.845080011770893424e+00 -9.990660397617139310e-01 2.772206127198241846e-02 3.314416258828935258e-02 8.928368986645459415e+01
1.055980749230288063e-01 4.384902487706002217e-02 9.934416488097737030e-01 5.007040979200262143e+01 2.201874920089068668e-02 9.986792748103114903e-01 -4.642069310103897478e-02 -3.904398184840862207e+00 -9.941650875263019493e-01 2.677627833892418097e-02 1.044931082040240489e-01 8.941367222006010707e+01
1.931399649033769261e-01 3.547051169677981758e-02 9.805298551074775881e-01 5.107873422484401971e+01 1.574696400407418762e-02 9.991055611809001036e-01 -3.924424469976860175e-02 -3.970891819935909783e+00 -9.810448445824367925e-01 2.302000037727038387e-02 1.924086601503527116e-01 8.963290069612317268e+01
2.931157255994881194e-01 3.123175807203930343e-02 9.555667159827277990e-01 5.203144402894195508e+01 5.414806588258389355e-03 9.993960463735881428e-01 -3.432524380765850786e-02 -4.022048611719384326e+00 -9.560616357096953788e-01 1.523547769428488553e-02 2.927695833646827284e-01 8.995474297969117572e+01
4.051834244880227476e-01 3.171552218435697706e-02 9.136851307604454409e-01 5.293013555411049254e+01 4.214287910058005238e-03 9.993226828648313909e-01 -3.655701422776448661e-02 -4.068147528134431035e+00 -9.142257009609664475e-01 1.866282841402651729e-02 4.047753284700281728e-01 9.038545118519753885e+01
5.245997873414020019e-01 3.868585767231204342e-02 8.504695570903837432e-01 5.374869040338546711e+01 3.265353420652749097e-03 9.988682604075274085e-01 -4.745035107858155965e-02 -4.113089466282474405e+00 -8.513427045487582667e-01 2.766952776250487800e-02 5.238797539941838499e-01 9.090993151623457891e+01
6.377252109520568091e-01 4.668010807382024646e-02 7.688481793087444949e-01 5.447101546833586383e+01 -8.025048038392162617e-03 9.985104453747829512e-01 -5.396748170367590691e-02 -4.152828494249392932e+00 -7.702221458255641418e-01 2.824638008084497109e-02 6.371498945241951262e-01 9.155038013758438353e+01
7.380775236692700414e-01 4.427423475555625904e-02 6.732617330511577736e-01 5.507948445074159594e+01 -1.118625864538811895e-02 9.985105613800921986e-01 -5.339968567261584032e-02 -4.208052968427951512e+00 -6.746231812439867914e-01 3.188182788400920759e-02 7.374734655423329510e-01 9.226893824119230203e+01
8.221022504041921586e-01 3.623903668243488169e-02 5.681853765283758628e-01 5.556084241457578798e+01 -1.614536579095799187e-02 9.990547748375985249e-01 -4.035943554701951902e-02 -4.250656928674196422e+00 -5.691109004788428294e-01 2.400602204712388651e-02 8.219102711741925749e-01 9.307279560862069445e+01
8.871107255444306006e-01 3.053251183742594632e-02 4.605456832334131612e-01 5.592060960034221750e+01 -2.119200544805143957e-02 9.994517115284095032e-01 -2.543963891303342023e-02 -4.287752512036759889e+00 -4.610699074209068105e-01 1.280788990557037849e-02 8.872713781177909986e-01 9.393368002454542420e+01
9.308710147832892634e-01 3.347436867758021850e-02 3.638112429240841772e-01 5.618258118198772166e+01 -3.004053089190289461e-02 9.994346999557162103e-01 -1.509460261692873589e-02 -4.328172882138190403e+00 -3.641108627053881719e-01 3.122045173888449154e-03 9.313503811637546814e-01 9.478144004172163761e+01
9.565169145786140970e-01 4.367766759580575531e-02 2.883880258928913642e-01 5.639102618279913059e+01 -4.185440020528322785e-02 9.990456675118550844e-01 -1.248853110861906750e-02 -4.347817303837270053e+00 -2.886582777411111911e-01 -1.248166064972572884e-04 9.574321819911586484e-01 9.569166167837923354e+01
9.712833976702271999e-01 3.943118074493019015e-02 2.346353413176291147e-01 5.660848019292100730e+01 -3.776335926412553723e-02 9.992193941761758902e-01 -1.159874990193820662e-02 -4.361879239333339875e+00 -2.349095360075194872e-01 2.405054523243453993e-03 9.720142620381003740e-01 9.664275139832382422e+01
9.777793705427341164e-01 4.022359520326675153e-02 2.057415002618062372e-01 5.680319437717659525e+01 -3.880144432556711237e-02 9.991870075438052945e-01 -1.094403371287875834e-02 -4.382548003894902067e+00 -2.060144423561243165e-01 2.717783027109971477e-03 9.785451768805123463e-01 9.763292170036281448e+01
9.802185474582139069e-01 5.350994041148510183e-02 1.905473313800772894e-01 5.695967457625511798e+01 -5.222898498089272729e-02 9.985661021092118173e-01 -1.174192685565591046e-02 -4.394263944027191116e+00 -1.909024157698777369e-01 1.557560778012431323e-03 9.816077840245805985e-01 9.865057074322253072e+01
9.805621048113944971e-01 6.073802007021594090e-02 1.865713041327585475e-01 5.714342099116901608e+01 -5.842931442817957816e-02 9.981318858700855001e-01 -1.785367258807888172e-02 -4.422871557550427823e+00 -1.873071643672528375e-01 6.605401379131696851e-03 9.822791837605640008e-01 9.970673727446613555e+01
9.796337321092585260e-01 5.760152012643975084e-02 1.923533617923252059e-01 5.736600011880238270e+01 -5.311745435245474045e-02 9.981845670354049238e-01 -2.839200900709640957e-02 -4.451666562491297441e+00 -1.936395800367284870e-01 1.759644883115651925e-02 9.809149188547049425e-01 1.007950309193866900e+02
9.776775331515541456e-01 6.274092663408205317e-02 2.005248545587029196e-01 5.759442411531370709e+01 -5.724683316329798322e-02 9.978116442301609990e-01 -3.308659443761494123e-02 -4.485537235929118793e+00 -2.021619184304146999e-01 2.086860713613666873e-02 9.791297462403705243e-01 1.019501631514028901e+02
9.753933278092339343e-01 6.292637464845625417e-02 2.113010351106469065e-01 5.784034441157687922e+01 -5.904287735881713628e-02 9.979511932268545493e-01 -2.464456472109095159e-02 -4.529660334888379936e+00 -2.124189132314264206e-01 1.156232289388595298e-02 9.771102895737399097e-01 1.031598012775794047e+02
9.741470745262534869e-01 5.615029413878484810e-02 2.188255507477828710e-01 5.812454069392352096e+01 -5.425952911244352750e-02 9.984194590237495115e-01 -1.464538641424383177e-02 -4.569337516862293391e+00 -2.193020307531106938e-01 2.393388989396408317e-03 9.756540836775644543e-01 1.044096998188480541e+02
9.739385772935259533e-01 4.761438383235175320e-02 2.217577915468330885e-01 5.842133878187483020e+01 -4.489527207744484910e-02 9.988420788268225214e-01 -1.728919055384053882e-02 -4.605670587912424452e+00 -2.223242276598644818e-01 6.882733263775793128e-03 9.749484939104554604e-01 1.056862844060462976e+02
9.742823216887409599e-01 4.860660649205621187e-02 2.200258063276300802e-01 5.871545258784605892e+01 -4.284180665081921413e-02 9.986039193412740156e-01 -3.089970678085986189e-02 -4.648219653933365336e+00 -2.212205624432120321e-01 2.067873500907857140e-02 9.750045398205764435e-01 1.070023950929490439e+02
9.752830568651496002e-01 4.977235655542801979e-02 2.152804485193427486e-01 5.899079242310929061e+01 -4.425851523916251445e-02 9.985586709462254129e-01 -3.036057487821217787e-02 -4.693166848745794262e+00 -2.164812759122477503e-01 2.008216126391898157e-02 9.760802036607320042e-01 1.083598658921311966e+02
9.761792905790114272e-01 4.590265454715233145e-02 2.120540943961780889e-01 5.928603035462285220e+01 -4.338071296722056241e-02 9.989218119049356748e-01 -1.653261754892012408e-02 -4.752247540852446939e+00 -2.125843512281981318e-01 6.939741067794501922e-03 9.771180755706030396e-01 1.097831657045039719e+02
9.765548871998083191e-01 5.519580656759485310e-02 2.080720433492273536e-01 5.957012085230201137e+01 -5.170550271364852957e-02 9.984160314107948242e-01 -2.218037896544074877e-02 -4.789865145491580378e+00 -2.089667276752422420e-01 1.090188787661715807e-02 9.778619818591105517e-01 1.112402918150802265e+02
9.782527845148184520e-01 5.476121746981357785e-02 2.000567385774064955e-01 5.986428641624258518e+01 -4.967835900523669829e-02 9.983042375045030337e-01 -3.034320396896867528e-02 -4.835005144524154197e+00 -2.013791206544305323e-01 1.974483329327952896e-02 9.793143475527504860e-01 1.127326223912016872e+02
9.800393460274905433e-01 4.833997765088421383e-02 1.928370472671721014e-01 6.016431798928412888e+01 -4.398759673551064925e-02 9.986727933618206876e-01 -2.679072847712678576e-02 -4.890801544986504545e+00 -1.938761758737869156e-01 1.777352974546845057e-02 9.808649907448749872e-01 1.142740638846969574e+02
9.807672032435404974e-01 4.439631968663744488e-02 1.900648832376112818e-01 6.046649707109324368e+01 -4.097218916020617385e-02 9.989200473220845033e-01 -2.190933073983819535e-02 -4.942861701659429841e+00 -1.908323158096267569e-01 1.370057868592495197e-02 9.815270354842020595e-01 1.158596678346965518e+02
9.812203539551143106e-01 3.996262500216058583e-02 1.887050756793211548e-01 6.078415844160436876e+01 -3.697025981073559509e-02 9.991289681585220350e-01 -1.935212846218275357e-02 -4.989645905260615244e+00 -1.893140694024833259e-01 1.201222666397879987e-02 9.818431084123601105e-01 1.174860490591575228e+02
9.805769915373799828e-01 5.067330300289066281e-02 1.894755393983076075e-01 6.107598681403160867e+01 -4.680096046372578256e-02 9.985948651727337699e-01 -2.485890887238534006e-02 -5.034902273543566231e+00 -1.904689837405951491e-01 1.550843684676220594e-02 9.815707079061577467e-01 1.191284700768787275e+02
9.789955614623897517e-01 6.600087889764472138e-02 1.929030186950950188e-01 6.137313617098995877e+01 -6.212488081124589029e-02 9.977275838949907216e-01 -2.608002145811501998e-02 -5.088356718853382255e+00 -1.941859671066119564e-01 1.354814820577619067e-02 9.808711729167418625e-01 1.208170677710768075e+02
9.776994872555231364e-01 6.894607040914312035e-02 1.983687273625206748e-01 6.169192728809357362e+01 -6.521847308924531850e-02 9.975509425915244366e-01 -2.527187572523691486e-02 -5.146104491201721309e+00 -1.996253074842864461e-01 1.177099443130905955e-02 9.798016025205832369e-01 1.224998802448337756e+02
9.775539580734788903e-01 6.124960266906133433e-02 2.015855779259990710e-01 6.203607259427765541e+01 -5.698893378135728993e-02 9.980129535058489543e-01 -2.687761263578782381e-02 -5.208006925468564141e+00 -2.028312611047442815e-01 1.478616946397874783e-02 9.791020624588849808e-01 1.241882317461575980e+02
9.777793246305787056e-01 5.455305990485147943e-02 2.024143176259748100e-01 6.239826796099863770e+01 -4.978004425274209360e-02 9.983506145195711889e-01 -2.860065877900170792e-02 -5.280149204208894886e+00 -2.036407118411402151e-01 1.788893913611230499e-02 9.788822433456534355e-01 1.258578866948690518e+02
