1.000000000000000000e+00 0.000000000000000000e+00 0.000000000000000000e+00 0.000000000000000000e+00 0.000000000000000000e+00 1.000000000000000000e+00 0.000000000000000000e+00 0.000000000000000000e+00 0.000000000000000000e+00 0.000000000000000000e+00 1.000000000000000000e+00 0.000000000000000000e+00
9.999917280751575710e-01 -2.983777158578019163e-03 -2.764209675117115100e-03 -1.588176995785643350e-02 2.992708015478187482e-03 9.999902975740690980e-01 3.232407223553405030e-03 -2.731718752938065015e-02 2.754538072736623967e-03 -3.240652957774977500e-03 9.999909553033032861e-01 3.034553393184453718e+00
9.999762054443086523e-01 -2.723707835518598009e-03 -6.337977660773276220e-03 -4.696152581312124097e-02 2.729923929913499053e-03 9.999958010409495390e-01 9.723249489699574075e-04 -6.541064095683973845e-03 6.335302718782437337e-03 -9.896040098132134408e-04 9.999794421003688205e-01 6.060583408838192909e+00
9.999524596983805358e-01 -2.993855162974613099e-03 -9.279826206440655936e-03 -1.098634040466239248e-01 3.007881748188286075e-03 9.999943544168146126e-01 1.497925861677087533e-03 -3.894389162156581402e-02 9.275289243335127151e-03 -1.525767269702534316e-03 9.999558195458893017e-01 9.059937153846359337e+00
9.999388357544162220e-01 -5.663268471072649586e-03 -9.500112648127414378e-03 -2.237339508580305503e-01 5.668689261194895766e-03 9.999837850053651112e-01 5.437723824285206923e-04 -7.392630184270861105e-02 9.496879074862948911e-03 -5.975923095495643466e-04 9.999547250607243587e-01 1.200434001529716355e+01
9.999246504778276368e-01 -4.765442461611053143e-03 -1.131299805266195585e-02 -2.858375553910177391e-01 4.763088710537531981e-03 9.999886288178045923e-01 -2.349915385007372067e-04 -1.009339554836247432e-01 1.131398924915561280e-02 1.810890186936264541e-04 9.999359783776344823e-01 1.500703576175554943e+01
9.999058823722104528e-01 -1.951598539014305547e-03 -1.358004641355036596e-02 -3.120662430077932870e-01 1.967579523895403304e-03 9.999973874016860886e-01 1.163537975180045951e-03 -1.466317915236861891e-01 1.357774017533155096e-02 -1.190148287002832121e-03 9.999071099451120048e-01 1.796480576001120966e+01
9.998845210014952745e-01 -9.559834199366405673e-04 -1.516676489273788633e-02 -3.633273352212820773e-01 9.762304245701286434e-04 9.999986422102675743e-01 1.327611305945789995e-03 -1.765239459393126709e-01 1.516547512506363771e-02 -1.342264252052371076e-03 9.998840966286586251e-01 2.091430015238960749e+01
9.998808588263889963e-01 7.307869740095137559e-04 -1.541862844101191642e-02 -4.336956721492678524e-01 -7.036523899933085123e-04 9.999981944539836354e-01 1.765208794179011064e-03 -2.168936221691300792e-01 1.541989059356194992e-02 -1.754149130378669435e-03 9.998795677154879158e-01 2.380022723784550820e+01
9.998868031191274763e-01 1.039584748946927994e-03 -1.501000372290600682e-02 -4.989593277392575521e-01 -1.013422605394809087e-03 9.999979543925464620e-01 1.750481461083668987e-03 -2.578224865136374278e-01 1.501179279216077397e-02 -1.735071834962398189e-03 9.998858112819146715e-01 2.668169476408780483e+01
9.998954847259292622e-01 -2.517869743879332453e-05 -1.445748908810910553e-02 -5.585098129766935537e-01 1.761748248963075896e-05 9.999998630156866630e-01 -5.231235347988335942e-04 -3.017637162019254915e-01 1.445750027922909804e-02 5.228141558383638324e-04 9.998953481995175308e-01 2.952507941112448009e+01
9.998846817840377765e-01 -2.554916072187026280e-03 -1.496982089065283100e-02 -5.959598521074042088e-01 2.605435711475171442e-03 9.999909736527473614e-01 3.356235656843017424e-03 -3.411649146648527697e-01 1.496111086742944740e-02 -3.394851527677615957e-03 9.998823131472610592e-01 3.235795813589206205e+01
9.998927321688397818e-01 -2.877990258057776512e-03 -1.436110469316764261e-02 -6.533128365527999248e-01 2.884620935144248128e-03 9.999957422235825621e-01 4.410178763687299004e-04 -3.737610405411504466e-01 1.435977430164293508e-02 -4.823969125873402847e-04 9.998967767600934753e-01 3.513766659080383903e+01
9.999072687746266563e-01 -8.685088426830002428e-04 -1.359042104047693787e-02 -7.011785391389316890e-01 8.470799132185253622e-04 9.999983891618945409e-01 -1.582444070836702731e-03 -4.141234517451761188e-01 1.359177351517742993e-02 1.570785156183355851e-03 9.999063937822905146e-01 3.786492714824474604e+01
9.999452843089807752e-01 3.686157586686516986e-04 -1.045430584280547179e-02 -7.597349221336301417e-01 -3.517682572380175865e-04 9.999986367116343589e-01 1.613330085989445875e-03 -4.651694185452789343e-01 1.045488628946557828e-02 -1.609564318571992097e-03 9.999440507625306784e-01 4.052797555078737446e+01
9.999766406943664254e-01 6.602028064312168674e-04 -6.803102076646531243e-03 -7.829356476063409342e-01 -6.366973715372762927e-04 9.999938229288209968e-01 3.456692155691339953e-03 -5.130992255635925536e-01 6.805342171262926398e-03 -3.452279892552291563e-03 9.999708841168704065e-01 4.311516570748822375e+01
9.999999589901444885e-01 -2.308841636021034837e-04 1.694467856228863700e-04 -8.003102646765521966e-01 2.307718455760881561e-04 9.999997538714483492e-01 6.625718058731085158e-04 -5.443291677596272526e-01 -1.695997212544098076e-04 -6.625326751536894307e-04 9.999997661431669904e-01 4.566620188082291065e+01
9.999666830299053233e-01 -9.890001433277691384e-05 8.162294343910496061e-03 -8.144652803773820837e-01 9.961786686837542713e-05 9.999999912064372332e-01 -8.754088123822062559e-05 -5.926724108589819240e-01 -8.162285614340427514e-03 8.835107499259001358e-05 9.999666840888438157e-01 4.812922783915390568e+01
9.997968732413033965e-01 2.611088981035426630e-03 1.998485604768544463e-02 -7.932702424390521978e-01 -2.589580250016239663e-03 9.999960397669963585e-01 -1.102054650203565132e-03 -6.349289943638170008e-01 -1.998765446575258287e-02 1.050078404894058248e-03 9.997996754371853978e-01 5.055790276701021924e+01
9.993645620497515480e-01 4.770574970019545238e-03 3.532299157155466274e-02 -7.294391069549330808e-01 -4.767588051651579402e-03 9.999886207424455442e-01 -1.687891902868322164e-04 -6.702670178500853559e-01 -3.532339484362234661e-02 2.764626645980483577e-07 9.993759341592359791e-01 5.295909929938782312e+01
9.981777944527490121e-01 9.602726362037423274e-03 5.957246266406727997e-02 -6.458088891845188417e-01 -9.636962130353319070e-03 9.999535220988906570e-01 2.874072392491182869e-04 -7.075069719979141247e-01 -5.956693396796574475e-02 -8.609810908889424519e-04 9.982239423542280665e-01 5.527336548662335503e+01
9.958623970961129057e-01 1.376774152077761722e-02 8.982502626440695692e-02 -4.736302385750932875e-01 -1.399788338154105832e-02 9.999001571114140008e-01 1.932632765477186295e-03 -7.421739429382319120e-01 -8.978944988594771137e-02 -3.181996540927632417e-03 9.959556865579877183e-01 5.753536987877465236e+01
9.919080179451781332e-01 1.370460765690832347e-02 1.262167487500728269e-01 -2.251778229111921492e-01 -1.400331884605438004e-02 9.999008539485075842e-01 1.479639936234370019e-03 -7.751390661623324130e-01 -1.261839569730024146e-01 -3.235120092882369514e-03 9.920015841724348915e-01 5.977853314302580401e+01
9.858240802465473296e-01 1.016017869060960831e-02 1.674743370639956153e-01 1.041384319684504622e-01 -1.036831296680656989e-02 9.999461797285220666e-01 3.684189963543138546e-04 -8.093360617847321636e-01 -1.674615803468731401e-01 -2.099622658814308002e-03 9.858763668393815127e-01 6.194444396021806654e+01
9.771478571046705586e-01 -2.258619891923047259e-04 2.125606133367920481e-01 5.286547910013208451e-01 -6.021778454634182064e-04 9.999924811504129485e-01 3.830799457518893614e-03 -8.392911359426105111e-01 -2.125598803574977880e-01 -3.871256773081854178e-03 9.771403740678221705e-01 6.403407610651392190e+01
9.645879232899393640e-01 -1.117705114713387834e-02 2.635245942428472432e-01 1.035880818106522439e+00 1.130724211297434896e-02 9.999355481227341080e-01 1.022680930745761482e-03 -8.585687365385279435e-01 -2.635190401451125708e-01 1.993270714650920150e-03 9.646521354109246493e-01 6.615697234642041735e+01
9.478423095039307800e-01 -1.676342553030732430e-02 3.182985137865798064e-01 1.639370915237422954e+00 1.648197159412857771e-02 9.998577627328654183e-01 3.577557155289111303e-03 -8.815274708313908247e-01 -3.183132119887988054e-01 1.855227026232203133e-03 9.479837853075628873e-01 6.812505856325367404e+01
9.266425720192100757e-01 -2.231164905957147560e-02 3.752808735305687149e-01 2.389535418402874534e+00 2.231322431497249903e-02 9.997415997889249617e-01 4.342081545876137934e-03 -8.716455424255016293e-01 -3.752807798732754607e-01 4.350168700618587195e-03 9.269009722133119134e-01 7.011612623990679083e+01
9.012435583944879980e-01 -2.228279486598216258e-02 4.327395585169013792e-01 3.215931720889046108e+00 2.716916970338062801e-02 9.996177835577508830e-01 -5.111067669139292106e-03 -8.949596239132509012e-01 -4.324602694700069305e-01 1.636349131604181162e-02 9.015044933231776136e-01 7.190135594636198846e+01
8.710593351475667268e-01 -2.405241651055018207e-02 4.905885403393387412e-01 4.147062922369292970e+00 3.008178076378101307e-02 9.995377283051583017e-01 -4.406377269745995889e-03 -9.249297256720289129e-01 -4.902557711219315273e-01 1.859599297070560486e-02 8.713802085927097041e-01 7.360812953369224942e+01
8.333459745888962544e-01 -2.284347002857334621e-02 5.522795148414770816e-01 5.175916577854991374e+00 2.419567196090399025e-02 9.996955245593106554e-01 4.840210165397942042e-03 -9.560662526413884477e-01 -5.522219264886570889e-01 9.329204314332942283e-03 8.336449543132965490e-01 7.524976112423679808e+01
7.897697865502357750e-01 -9.455669590259663942e-03 6.133304774466992182e-01 6.289891303015235913e+00 1.763693219491986944e-02 9.998178332240430510e-01 -7.296505323193976794e-03 -9.792403646097344039e-01 -6.131497556675267191e-01 1.657982749546681872e-02 7.897926857378926302e-01 7.677569148845098823e+01
7.435263840406329816e-01 -9.180902836474373607e-03 6.686435726592827589e-01 7.527282122121674135e+00 1.823960297286938287e-02 9.998121617957452800e-01 -6.554235936423711412e-03 -1.003290473653761339e+00 -6.684578020480080873e-01 1.706904064162453535e-02 7.435541774025087314e-01 7.821404458345141109e+01
6.933847015018184123e-01 -6.945840025144134171e-03 7.205341151046079640e-01 8.838216464888974500e+00 1.933977382126117125e-02 9.997726997724067921e-01 -8.973401714787049635e-03 -1.037797074397503350e+00 -7.203080097234635382e-01 2.015698628608918880e-02 6.933614259764425691e-01 7.952129513886933410e+01
6.396278963410720886e-01 -1.476537316017342057e-03 7.686832729153472155e-01 1.024407431067953311e+01 1.780495898243099340e-02 9.997583186924146048e-01 -1.289525652903717248e-02 -1.066352849488837462e+00 -7.684784562093652793e-01 2.193453995118507110e-02 6.394995999210641990e-01 8.074952177803147890e+01
5.825142699400395196e-01 6.727173949412555871e-03 8.127926368065091500e-01 1.172846985297754685e+01 1.709847309491972778e-02 9.996430612954476658e-01 -2.052784016128614622e-02 -1.109352760685412553e+00 -8.126406140072285345e-01 2.585527285718236881e-02 5.821913236483653442e-01 8.186757973568138880e+01
5.209803941748814005e-01 2.490093039360290542e-02 8.532053519235091033e-01 1.329020765320868946e+01 1.549201679343205351e-02 9.991338890981654730e-01 -3.861954260793636073e-02 -1.163371149144160288e+00 -8.534280440090173947e-01 3.333789617098141533e-02 5.201434017440150770e-01 8.289041110379365307e+01
4.566745698295767153e-01 2.949350458390340851e-02 8.891447972396457899e-01 1.493827565532530066e+01 1.169183652082447789e-02 9.991650188445569958e-01 -3.914800219839947859e-02 -1.243463131526443721e+00 -8.895569898717795576e-01 2.827363267630897403e-02 4.559484219355780521e-01 8.377915613241185611e+01
3.888982551703357715e-01 2.963379389938863503e-02 9.208039885798701141e-01 1.667478344600536033e+01 3.493744544995989760e-03 9.994279191786388239e-01 -3.363968066598750639e-02 -1.326509099438908379e+00 -9.212740856414678436e-01 1.629946702760128388e-02 3.885722410313087738e-01 8.457102739649174339e+01
3.180686142905492231e-01 3.459663567224473268e-02 9.474362402839845432e-01 1.846769549634867857e+01 -8.105830296317589889e-03 9.993966655447794611e-01 -3.377277621372590938e-02 -1.405243201715858481e+00 -9.480330437904035401e-01 3.062302750721460510e-03 3.181571469940064900e-01 8.522317495081652794e+01
2.459430022083558542e-01 3.348549647387220884e-02 9.687057144409952913e-01 2.032993146773334558e+01 -1.099167521546125237e-02 9.994351762026516539e-01 -3.175707235768745335e-02 -1.485453766733904724e+00 -9.692219677353060003e-01 -2.837268875499141495e-03 2.461721494495868190e-01 8.573361233403403503e+01
1.744948140050948948e-01 3.174671399180785392e-02 9.841461812332807924e-01 2.225666429932753587e+01 -7.436926032748675253e-03 9.994940959789192503e-01 -3.092319896882812433e-02 -1.559293567950701620e+00 -9.846300076762392051e-01 -1.923084502735785545e-03 1.746426343407720405e-01 8.611654023452187801e+01
1.067243209130605414e-01 3.460530266601598987e-02 9.936862645488461210e-01 2.420036669811896601e+01 3.229525139583712227e-03 9.993768178431500226e-01 -3.515033605915247189e-02 -1.637534784301841739e+00 -9.942834050174120808e-01 6.960530517998437042e-03 1.065460535256429198e-01 8.633608443876308058e+01
4.541348557533638614e-02 4.376668761162590821e-02 9.980090642791802358e-01 2.617895457678182325e+01 1.148583178305229158e-02 9.989508845838416251e-01 -4.433064242046050318e-02 -1.720417878876100426e+00 -9.989022429628190425e-01 1.347617322037905976e-02 4.486314477590937211e-02 8.644301468641950237e+01
-1.893363931746765150e-03 3.944497342821050995e-02 9.992199503834325869e-01 2.819504702796069751e+01 1.518018365546462863e-02 9.991077387559466061e-01 -3.941177973861055561e-02 -1.809391191750302719e+00 -9.998829817519692131e-01 1.509372151678172597e-02 -2.490456497414694770e-03 8.645384555281822259e+01
-3.748534347928007826e-02 4.033276072211026964e-02 9.984829079342185665e-01 3.018390703125648145e+01 1.682675923220154288e-02 9.990689700318486910e-01 -3.972471891960578649e-02 -1.902463689294095595e+00 -9.991554980071832848e-01 1.531213675595827564e-02 -3.812911315497534426e-02 8.640248231246685862e+01
-6.381704452506811731e-02 5.026353868988290424e-02 9.966950193045291950e-01 3.218535049416766469e+01 2.422295732035466970e-02 9.985145893144824480e-01 -4.880433653668807964e-02 -1.996474864973496022e+00 -9.976675965303986038e-01 2.102835239624546715e-02 -6.493978155766744198e-02 8.627938301727415649e+01
-7.843626286766050559e-02 5.935779715145902968e-02 9.951504431917221893e-01 3.418573317924924737e+01 3.316450017555182261e-02 9.978286924929310464e-01 -5.690357076628170530e-02 -2.113984956855168740e+00 -9.963673361744961321e-01 2.854036361319977136e-02 -8.023452529531942268e-02 8.611442438449084591e+01
-8.454926713072337396e-02 6.861338627754225150e-02 9.940541356743033408e-01 3.619531367859245563e+01 3.709219902960955717e-02 9.971516016528533255e-01 -6.567230841303592359e-02 -2.245007304978456464e+00 -9.957286729821561710e-01 3.131910829953275799e-02 -8.685345851787781846e-02 8.594005929972016133e+01
-8.846365498695278606e-02 7.522297407109859724e-02 9.932349600765412179e-01 3.824362928620280400e+01 3.897310207928367937e-02 9.966422029474025779e-01 -7.200983695625277903e-02 -2.392113106089582164e+00 -9.953166727532838376e-01 3.233919411561163998e-02 -9.109828463415581279e-02 8.573798703072723981e+01
-9.198800284699959473e-02 8.059773945443068910e-02 9.924929277969974928e-01 4.028647940248566073e+01 4.296577797871140025e-02 9.961118847658305686e-01 -7.690939442583297203e-02 -2.551670732655367146e+00 -9.948327242581563867e-01 3.556848918776251561e-02 -9.509328747075443400e-02 8.553742021792220385e+01
-9.602412474768487471e-02 7.916790601583188758e-02 9.922256850754819224e-01 4.233761692511886565e+01 4.244480815458334666e-02 9.962510124460227656e-01 -7.538141986587143517e-02 -2.718273831546849095e+00 -9.944736324946792383e-01 3.487639398422082149e-02 -9.902439808196629445e-02 8.533671185037505325e+01
-9.964166598013697584e-02 8.300082610177772491e-02 9.915555462338584425e-01 4.438540906359421712e+01 4.155407808500522632e-02 9.959925599873572510e-01 -7.919645853404937152e-02 -2.884415358477361746e+00 -9.941553183457849663e-01 3.331190952576224690e-02 -1.026913807899149794e-01 8.511877963781891765e+01
-1.043445137570108150e-01 8.919302780185334178e-02 9.905336068202587052e-01 4.644765913290994064e+01 3.720330765734677914e-02 9.956233678247861096e-01 -8.573227712234737785e-02 -3.058798052447217142e+00 -9.938451269429088297e-01 2.790543374986281105e-02 -1.072061118549974407e-01 8.490447920500439238e+01
-1.089429923456995547e-01 9.582227510418585281e-02 9.894187768647926262e-01 4.852345354939026834e+01 3.171948090603711468e-02 9.951712985206477846e-01 -9.288681893454542315e-02 -3.254610356198118115e+00 -9.935417952707460421e-01 2.126448199663482849e-02 -1.114563719829350097e-01 8.468685763732327132e+01
-1.147854153149243245e-01 9.023047333731677722e-02 9.892839683894123493e-01 5.060455187722096326e+01 2.649408196391722994e-02 9.957901556055216430e-01 -8.774981264948568394e-02 -3.454438746794342041e+00 -9.930369439511654850e-01 1.613777185532038611e-02 -1.166927601339347864e-01 8.446488162447258219e+01
-1.189395789175161505e-01 8.927032938094858761e-02 9.888802682120522158e-01 5.269494739455721799e+01 2.587910973082416591e-02 9.958903959419893592e-01 -8.679050034449277418e-02 -3.651501244871164786e+00 -9.925641784018122138e-01 1.526851540669203061e-02 -1.207610209910949528e-01 8.422629329397115328e+01
-1.205123773043984686e-01 9.529353835132152450e-02 9.881274758172282624e-01 5.480066169809447274e+01 2.741733655668043834e-02 9.953217911755130043e-01 -9.264351929469269442e-02 -3.845591123038055059e+00 -9.923331378990528640e-01 1.592713281333473993e-02 -1.225612902500881479e-01 8.397054036443053349e+01
-1.206729473384279133e-01 9.497704022142808289e-02 9.881383514525857725e-01 5.691298022125037193e+01 2.295691468880808883e-02 9.954132968798301562e-01 -9.287275414672344076e-02 -4.053337340015035650e+00 -9.924268334988873841e-01 1.147737886471415780e-02 -1.222998361641093878e-01 8.372626292497790246e+01
-1.217379884815140006e-01 9.596134806326771238e-02 9.879125881566419576e-01 5.903910084864760677e+01 1.464727820525450058e-02 9.953807794770320738e-01 -9.488182696846343689e-02 -4.258716165978722046e+00 -9.924541900771306491e-01 2.919507762611536859e-03 -1.225812264287292341e-01 8.350340923425855522e+01
-1.226763332887751551e-01 9.629328073345250205e-02 9.877642033078591899e-01 6.119029776531515807e+01 6.090343928613862687e-03 9.953361361123392870e-01 -9.627504276700976638e-02 -4.465352717958483986e+00 -9.924280452313171130e-01 -5.794845515358652312e-03 -1.226906467657602334e-01 8.326586948176122860e+01
-1.231397192452722833e-01 8.310488311074520906e-02 9.889035281296882918e-01 6.337328868652564751e+01 9.320630580652864219e-03 9.965403510664504472e-01 -8.258604326358258418e-02 -4.670209585807351793e+00 -9.923455725652102766e-01 -9.524177154543946207e-04 -1.234882889618313384e-01 8.300231787171456688e+01
-1.217440628329510416e-01 8.022986863663764123e-02 9.893136769212657056e-01 6.556854308074623816e+01 2.321448410768141637e-02 9.966853174177765506e-01 -7.797092901485543071e-02 -4.864604185996255659e+00 -9.922900135003583921e-01 1.347390894927246070e-02 -1.232030149188160922e-01 8.271841451987064886e+01
-1.195625528227706180e-01 9.181775629252104942e-02 9.885718464491640711e-01 6.776001715685544013e+01 3.244323608727472247e-02 9.955439929086683515e-01 -8.854148528034794241e-02 -5.056425724899342278e+00 -9.922964438083452521e-01 2.148622379274515298e-02 -1.220086463839367141e-01 8.244754653690421264e+01
-1.187145015287613681e-01 9.366289221068303805e-02 9.885009508086007868e-01 6.999469258202732647e+01 3.027631169936371297e-02 9.954195336150575280e-01 -9.068239656881493804e-02 -5.267736264731168738e+00 -9.924667309671703075e-01 1.916284739569826256e-02 -1.210065006643381569e-01 8.218493088649898937e+01
-1.178739013917041306e-01 8.720308680198478324e-02 9.891922790958815881e-01 7.226953744933223334e+01 2.709559660494416725e-02 9.960483258240465654e-01 -8.457872822249945521e-02 -5.480069502187866703e+00 -9.926588396903145428e-01 1.683313028877269496e-02 -1.197709218022481176e-01 8.191355551241051103e+01
-1.175910334345347807e-01 9.349739546920726729e-02 9.886508918198944063e-01 7.452196296717868051e+01 2.582654180062685101e-02 9.955091602542042173e-01 -9.107415433913633451e-02 -5.683282820697593607e+00 -9.927262153254639010e-01 1.482392965589814440e-02 -1.194776653401729283e-01 8.165613830486104519e+01
-1.162698734781657250e-01 9.542479127610407896e-02 9.886229947413133212e-01 7.680515334554418416e+01 2.540002511658214293e-02 9.953340953685493320e-01 -9.308532280089881761e-02 -5.899556890419072275e+00 -9.928928216305367149e-01 1.428803019252528408e-02 -1.181511614321633374e-01 8.138569351666014029e+01
-1.163270848330723445e-01 8.726473098759825187e-02 9.893699389307829550e-01 7.909710379907808431e+01 2.619207052464538402e-02 9.960558211738060885e-01 -8.477485799106850017e-02 -6.119454211947348732e+00 -9.928655421434825490e-01 1.605203511820046600e-02 -1.181539139965021995e-01 8.112720707443709500e+01
-1.159600266915821049e-01 9.345711685787855272e-02 9.888473287208194851e-01 8.136648805281903662e+01 2.298631582206113119e-02 9.955493894905729224e-01 -9.139498000369124242e-02 -6.331061531094940520e+00 -9.929878657338249148e-01 1.213179267707359052e-02 -1.175921685820294910e-01 8.088042655202923470e+01
-1.163107784242061044e-01 8.986280543823808864e-02 9.891392616922676240e-01 8.371787461965571708e+01 2.121375946932909165e-02 9.958961350694521819e-01 -8.798218321287591681e-02 -6.552061216481214423e+00 -9.929862935768718479e-01 1.075008616225879565e-02 -1.177397826393920682e-01 8.062567234508718172e+01
-1.136333765607320245e-01 8.938022943401351117e-02 9.894941284907806667e-01 8.609601085282561428e+01 2.367928158143449424e-02 9.959058499074572302e-01 -8.724006960045165016e-02 -6.773103075204000234e+00 -9.932405284497782816e-01 1.351712641161671551e-02 -1.152846040821510348e-01 8.034027466761574487e+01
-1.114570438355401011e-01 8.933939360489238923e-02 9.897453208425652793e-01 8.848006667609847398e+01 2.563385006670787850e-02 9.958779109399735763e-01 -8.700627697235997771e-02 -6.994257428550680444e+00 -9.934385905078385592e-01 1.567352073222852069e-02 -1.132877205952010080e-01 8.007187023823965433e+01
-1.087301820333595320e-01 8.857978601845595268e-02 9.901168461469164184e-01 9.088745658919383175e+01 2.694793819258317624e-02 9.959185659935881896e-01 -8.613952946495052887e-02 -7.215490517358288614e+00 -9.937059706684679972e-01 1.731564085441047313e-02 -1.106734495696226894e-01 7.980773618131082969e+01
-1.062211328456304921e-01 8.746518173483124048e-02 9.904882194761748249e-01 9.331729759290159620e+01 2.626978991706213976e-02 9.960229099189453761e-01 -8.513671977654171941e-02 -7.434341325351224938e+00 -9.939954572706585223e-01 1.697659861953879426e-02 -1.080963737810232556e-01 7.955217803083732520e+01
-1.031649908432138857e-01 9.118013186696646843e-02 9.904762330399661252e-01 9.576167991820241809e+01 2.442315076685102476e-02 9.957214903410807061e-01 -8.911915270892284413e-02 -7.660147179162552611e+00 -9.943643670058478490e-01 1.499657379734675548e-02 -1.049505045409569598e-01 7.930705413696175299e+01
-1.019772182575824915e-01 8.906432753433558835e-02 9.907916998629434646e-01 9.821477919981074933e+01 1.835201336928335772e-02 9.959829646283758775e-01 -8.764210047325447783e-02 -7.887788333159464038e+00 -9.946174393010308590e-01 9.245524913545665954e-03 -1.032020818943781421e-01 7.907324311875068190e+01
-1.021043683384716405e-01 8.989199988244209183e-02 9.907038539964078128e-01 1.006714847657759719e+02 1.261957629186722697e-02 9.959456877746516446e-01 -8.906701576503336937e-02 -8.113427142180162477e+00 -9.946936434201317789e-01 3.408131483673113721e-03 -1.028248043002003287e-01 7.883016010939623186e+01
-1.048896087908035846e-01 8.597689064187725994e-02 9.907603868964816041e-01 1.031740536114778450e+02 7.667544916771987414e-03 9.962961665800903477e-01 -8.564553235729807645e-02 -8.350950663880908564e+00 -9.944543120338220632e-01 -1.386626615349963003e-03 -1.051603468231637611e-01 7.858832439257409419e+01
-1.078328650072358785e-01 8.609928350564570454e-02 9.904337366043952651e-01 1.056927421407826841e+02 5.516228872213782726e-03 9.962792732782241867e-01 -8.600686516343768184e-02 -8.577658628353439951e+00 -9.941537328016032404e-01 -3.810907506992792463e-03 -1.079065917384683937e-01 7.832706555794378289e+01
-1.136459493561190748e-01 7.960365949560424537e-02 9.903271457401606748e-01 1.081993663022294356e+02 2.952109174203622084e-03 9.968076601705343487e-01 -7.978579871610562424e-02 -8.815634480517497096e+00 -9.935169265021964735e-01 -6.143778987825665797e-03 -1.135181515590290985e-01 7.806283173397008568e+01
-1.241873572740662263e-01 8.537298518152328097e-02 9.885792601984311201e-01 1.107107727978975475e+02 -2.550093722331285735e-03 9.962610166153249569e-01 -8.635672408449174275e-02 -9.041916539875089143e+00 -9.922555100957068941e-01 -1.324538311235770247e-02 -1.235053136950635400e-01 7.779389471004574830e+01
-1.408255962873294631e-01 8.452974251155334628e-02 9.864192182136592990e-01 1.131403002323751679e+02 -2.764534968727340013e-04 9.963450123516750523e-01 -8.541978655676346621e-02 -9.273814398629868450e+00 -9.900343807180549405e-01 -1.230199141885030163e-02 -1.402875119294240691e-01 7.747915419066208642e+01
-1.643174258213109806e-01 8.323580250578055395e-02 9.828894061656555659e-01 1.156207740722868351e+02 2.235508233874253497e-03 9.964622782092662501e-01 -8.401149093388136924e-02 -9.506893564959662868e+00 -9.864049807631725120e-01 -1.160729456919473712e-02 -1.639221908052403975e-01 7.709088915376150908e+01
-1.935367714404170603e-01 8.132431514836967190e-02 9.777166633877457658e-01 1.180404629184346845e+02 5.420053638154521611e-03 9.966319938223625607e-01 -8.182476341683073140e-02 -9.735935006393408031e+00 -9.810780504725299389e-01 -1.053682377709035806e-02 -1.933257205487960428e-01 7.665764633613197532e+01
-2.235992729828523706e-01 8.721439928747853898e-02 9.707713498442680500e-01 1.204469351484855224e+02 1.064141664018110160e-02 9.961477037659665079e-01 -8.704316477289228415e-02 -9.968929360995256062e+00 -9.746230683569061526e-01 -9.132405965301513759e-03 -2.236659871054491044e-01 7.612910624563305362e+01
-2.548494568256549631e-01 8.923624511869067411e-02 9.628544266465123291e-01 1.227985712646273555e+02 7.861499016666745332e-03 9.958910803998421990e-01 -9.021725341221875638e-02 -1.019880423385315993e+01 -9.669487841601954736e-01 -1.542233890013168171e-02 -2.545038315506661930e-01 7.554842149111050276e+01
-2.866969755472354442e-01 7.949075797724164394e-02 9.547177926530278080e-01 1.251381728998554053e+02 -9.258992415902968058e-04 9.965282650801711162e-01 -8.324998262400580551e-02 -1.043349698393561731e+01 -9.580208697740687507e-01 -2.475149071281263630e-02 -2.856280392132942714e-01 7.490489705629883588e+01
-3.162860093671784889e-01 8.294740493990078456e-02 9.450306282297519234e-01 1.274446726804827961e+02 -1.743145517874045928e-03 9.961176396138892164e-01 -8.801482542024495481e-02 -1.065957958878062861e+01 -9.486622801199009469e-01 -2.948518380117063492e-02 -3.149134836965901685e-01 7.418408477320424765e+01
-3.441088556825958600e-01 8.560936929558551900e-02 9.350187866185495356e-01 1.297258197395100012e+02 2.383480901578630649e-03 9.959110840063510883e-01 -9.030742921867170037e-02 -1.088477460553906084e+01 -9.389267354057010406e-01 -2.884698670755167851e-02 -3.429058717757514918e-01 7.337855121371016764e+01
-3.729726381408772218e-01 8.239204552607926058e-02 9.241769105708392829e-01 1.319778405274722104e+02 2.106491696104987286e-03 9.961221361027166044e-01 -8.795597000143988431e-02 -1.111823095344388435e+01 -9.278399505792848112e-01 -3.085839918382754163e-02 -3.716998591724822165e-01 7.252063477744601983e+01
-4.025421533865993773e-01 8.618116005495569942e-02 9.113356255510151049e-01 1.341753465272313974e+02 2.271149113488750600e-03 9.956493861638491261e-01 -9.315117666059796742e-02 -1.134800854275013826e+01 -9.153986326342119506e-01 -3.542749614539182634e-02 -4.009865781897002379e-01 7.159294287997548167e+01
-4.310486827567732160e-01 9.043310436967112731e-02 8.977855460674967203e-01 1.363438887831472925e+02 7.253789804149475377e-03 9.952802463923614562e-01 -9.677093403825802465e-02 -1.159665291244354890e+01 -9.022995154753929992e-01 -3.520063600595662451e-02 -4.296702219116987909e-01 7.057430196515589671e+01
-4.605998630581342179e-01 9.617428234482079674e-02 8.823821584587289157e-01 1.384819402293882433e+02 9.034092286190474608e-03 9.945690298873557378e-01 -1.036862091383802253e-01 -1.185106904604431577e+01 -8.875619140811495944e-01 -3.978633187895098261e-02 -4.589672063102391841e-01 6.949670738198847175e+01
-4.918616732683308568e-01 8.873889314964533703e-02 8.661394248111861094e-01 1.406138779333585376e+02 5.177707403137556466e-03 9.950731391167949580e-01 -9.900827821093637071e-02 -1.211521505004615840e+01 -8.706579613807747808e-01 -4.421376087625349810e-02 -4.898978032543649941e-01 6.833712181935156593e+01
-5.233840434887333526e-01 8.764059351357027239e-02 8.475778839669965148e-01 1.427164893110552839e+02 3.908023509489389098e-03 9.949330119702046726e-01 -1.004640684232186165e-01 -1.237655691966381966e+01 -8.520879475580170892e-01 -4.926893606000675579e-02 -5.210745643052272502e-01 6.708524627703909005e+01
-5.556085766578753304e-01 8.507707157294742972e-02 8.270798035478680310e-01 1.447898282566428634e+02 1.651253928836788828e-03 9.948620225268304251e-01 -1.012266244339202620e-01 -1.264810775343721971e+01 -8.314423509207800045e-01 -5.487666194654188673e-02 -5.528943561557968511e-01 6.577493524049164364e+01
-5.870561003198150329e-01 8.160405402005778408e-02 8.054228165657969507e-01 1.468531516567435915e+02 1.081001662628978434e-03 9.949846174704835011e-01 -1.000222096962465057e-01 -1.291021343685218170e+01 -8.095455308459788002e-01 -5.784798496582243404e-02 -5.842000035284988790e-01 6.436513287526641136e+01
-6.174920298909097882e-01 7.620591771223730881e-02 7.828769067528037473e-01 1.488480239780088539e+02 2.397976947155845088e-03 9.954735386287998367e-01 -9.500886062055080572e-02 -1.317237153229762825e+01 -7.865734820903674818e-01 -5.678989342735264734e-02 -6.148797161044963211e-01 6.286978176500662130e+01
-6.468955388853209199e-01 7.562197288860168787e-02 7.588197934863747385e-01 1.507966448833178390e+02 1.170691136312460197e-03 9.951682001146828771e-01 -9.817781298626021558e-02 -1.343018601238166809e+01 -7.625777280071417419e-01 -6.262244563203625547e-02 -6.438583990680947222e-01 6.128148946984655510e+01
-6.783029491597419858e-01 7.150880387700918328e-02 7.312944688217426492e-01 1.526900587070799702e+02 -2.186131616022021600e-03 9.950523658615441080e-01 -9.932779078334869061e-02 -1.369766944038264000e+01 -7.347791028532008051e-01 -6.897303938078064300e-02 -6.747906266752853321e-01 5.962312116810846874e+01
-7.113823867768144238e-01 6.191657649663716984e-02 7.000724514924561159e-01 1.545311644806559173e+02 -5.147210156329210147e-03 9.956259911034061050e-01 -9.328661247449362981e-02 -1.396530148595807574e+01 -7.027863160387586294e-01 -6.996587306891743907e-02 -7.079520962567847908e-01 5.785822198492798663e+01
-7.461391381960318370e-01 5.560420837696472551e-02 6.634640596617518149e-01 1.562890566130993477e+02 -9.280012384582966845e-03 9.955410581216902477e-01 -9.387163024091386976e-02 -1.421339891391369115e+01 -6.657253696699751977e-01 -7.619825197939894545e-02 -7.422961394033116278e-01 5.599652074497532084e+01
-7.774100085438381269e-01 5.613062462625434401e-02 6.264846618991837257e-01 1.579342797363201498e+02 -5.798286619486012552e-03 9.953284242684031780e-01 -9.637275401095304894e-02 -1.447550736108518521e+01 -6.289674542360264020e-01 -7.855368115145165697e-02 -7.734528173647116089e-01 5.401036312601210909e+01
-8.068498333963205482e-01 5.723384089828339322e-02 5.879775793381565308e-01 1.595110863791814495e+02 2.562141624186280772e-03 9.956255121770083427e-01 -9.339847393061045944e-02 -1.473645720186476815e+01 -5.907510319742381721e-01 -7.385206130027321958e-02 -8.034669198312245353e-01 5.194542376400053740e+01
-8.347639143810031692e-01 6.005858373663886668e-02 5.473227327334875270e-01 1.609821264438469939e+02 6.095681875476807732e-03 9.949804390694201306e-01 -9.988377511736627745e-02 -1.499734752531781368e+01 -5.505742909996595991e-01 -8.004306583816474252e-02 -8.309398640704700467e-01 4.979991788994611568e+01
-8.588649239289392057e-01 5.875363941451760413e-02 5.088212380591877748e-01 1.623403804236116628e+02 1.069936081212327292e-02 9.952404543925456037e-01 -9.686052662840054228e-02 -1.526969997865262307e+01 -5.120903886256300552e-01 -7.774604681955187002e-02 -8.554057435399794462e-01 4.756293317972139079e+01
-8.781184193747850752e-01 6.338093161906546702e-02 4.742266325944029526e-01 1.635879225223495155e+02 1.675305983236258581e-02 9.946520346076553887e-01 -1.019149892660774909e-01 -1.553359104834141391e+01 -4.781499519407919063e-01 -8.154868213497246110e-02 -8.744840969972349498e-01 4.527083165393219133e+01
-8.961961629385937211e-01 5.797189819910832098e-02 4.398541764645779728e-01 1.648040213541300147e+02 1.444713440641782337e-02 9.947137350272516887e-01 -1.016654595011353274e-01 -1.582570996937690744e+01 -4.434227304069825459e-01 -8.475756230169867456e-02 -8.922961603588193125e-01 4.301185232812780157e+01
-9.102869366314755295e-01 5.355635489343740091e-02 4.104989766718189492e-01 1.659338998161457539e+02 1.305368071568911541e-02 9.948166601019875488e-01 -1.008435134418641105e-01 -1.611124380342896956e+01 -4.137720319425369775e-01 -8.643801035455865589e-02 -9.062677175912706717e-01 4.067308015530365140e+01
-9.220716323200733866e-01 4.568103581372941896e-02 3.843138663092687257e-01 1.669721441460534095e+02 9.474503664383869539e-03 9.953764272335354768e-01 -9.558243503968569255e-02 -1.640032772456329369e+01 -3.869032678214386345e-01 -8.449266876354985523e-02 -9.182411721733603205e-01 3.827704475987442123e+01
-9.313983693722306390e-01 4.257490399074767562e-02 3.615030498915975388e-01 1.679436406981801326e+02 1.110841061609807098e-02 9.959982031330456564e-01 -8.868022648442049072e-02 -1.666078131814164820e+01 -3.638319402475995723e-01 -7.858089402598186779e-02 -9.281440418112623103e-01 3.587823743060957327e+01
-9.366533977078789208e-01 5.171046883840547254e-02 3.464194566920235085e-01 1.688491297592405829e+02 2.096656125227200004e-02 9.955459389677769888e-01 -9.191673794267143927e-02 -1.690979261731419925e+01 -3.496295409022808220e-01 -7.883090014251599442e-02 -9.335656770207346744e-01 3.347604661433885553e+01
-9.403692374051408898e-01 5.190391354333326324e-02 3.361721004202440910e-01 1.697361478468802432e+02 2.165498480718960894e-02 9.954198845307217214e-01 -9.311452686796335698e-02 -1.716506356853426141e+01 -3.394654017349533204e-01 -8.028223489496595644e-02 -9.371862161732844587e-01 3.106080121617314660e+01
-9.442123416097220057e-01 3.804943348843160128e-02 3.271319222624015088e-01 1.706141537539806450e+02 9.901058994600133931e-03 9.961341953894007339e-01 -8.728478565418086588e-02 -1.742205197552521767e+01 -3.291884308153467109e-01 -7.917641938809995283e-02 -9.409389308718240086e-01 2.863483887900969194e+01
-9.476047559701817891e-01 2.906694938108136256e-02 3.181200070985298334e-01 1.714821756393898227e+02 -1.506037073782385801e-04 9.958108639096895365e-01 -9.143686695179438495e-02 -1.766579646190167807e+01 -3.194451498789966926e-01 -8.669392004699347232e-02 -9.436307330972601992e-01 2.620760073343354790e+01
-9.486050215770905902e-01 3.001399928664637978e-02 3.150359866516007079e-01 1.723118234544846814e+02 -1.975642203623326101e-04 9.954359591098161930e-01 -9.543171527064980841e-02 -1.793029275508929743e+01 -3.164624369607008103e-01 -9.058924416254258982e-02 -9.442696197776117017e-01 2.377558320782366152e+01
-9.482492979576450098e-01 3.341911012638838774e-02 3.157632530887538591e-01 1.731453097187608705e+02 2.216534281642248191e-03 9.951184362167373454e-01 -9.866298635928809346e-02 -1.820145466582228622e+01 -3.175190638349306149e-01 -9.285720747424572319e-02 -9.436944331304893963e-01 2.134753967844257616e+01
-9.470184257727560784e-01 3.584147253545860723e-02 3.191731349806554152e-01 1.739760089737919486e+02 3.909026579015440102e-03 9.949665766435449310e-01 -1.001310684724224798e-01 -1.847640683088433633e+01 -3.211554464088918759e-01 -9.357831056775069156e-02 -9.423917863782518278e-01 1.888681799985581478e+01
-9.447206572328510354e-01 3.406662560706874565e-02 3.261017399789163940e-01 1.748221693320344627e+02 1.044389007496191986e-03 9.948952768320414863e-01 -1.009073703398118138e-01 -1.875121228329728851e+01 -3.278746544780953287e-01 -9.498870015450652793e-02 -9.399336986159334550e-01 1.642885257855632020e+01
-9.410245923791884515e-01 3.040964691532270156e-02 3.369687966445361060e-01 1.756837179652772534e+02 -2.303884545699534138e-03 9.953536298416596484e-01 -9.625925242298302709e-02 -1.901986608514367205e+01 -3.383303247620316756e-01 -9.135866097703547462e-02 -9.365821834793265355e-01 1.403550404692853348e+01
-9.352185346885774075e-01 3.004919021766282519e-02 3.527936203252713954e-01 1.765603692259030879e+02 -3.499150811115223081e-03 9.955591891986179665e-01 -9.407261421790387435e-02 -1.927444291782416030e+01 -3.540537364843797108e-01 -8.921293050590950457e-02 -9.309602594697578004e-01 1.161620167157794192e+01
-9.281678070491338195e-01 3.381785942906578163e-02 3.706222798770156812e-01 1.774796133159188685e+02 -2.112835926703276156e-03 9.953680140765061024e-01 -9.611478802836949387e-02 -1.954280897024386121e+01 -3.721559590842908327e-01 -8.999371609744503953e-02 -9.237970952438776528e-01 9.310434555619087504e+00
-9.267230046684469258e-01 4.197008831595119838e-02 3.733938728809514385e-01 1.788122014828806812e+02 4.056173339775255397e-03 9.948016933463725842e-01 -1.017503728397430446e-01 -1.970142442837991581e+01 -3.757233291613963910e-01 -9.277986097176640912e-02 -9.220758522605060348e-01 7.226367007814832100e+00
-9.147500301584278182e-01 4.727662794641843136e-02 4.012446918965665854e-01 1.798232068900741467e+02 5.610818313460989859e-03 9.945208307576753892e-01 -1.043879107316361271e-01 -1.996275455095670992e+01 -4.039813127398451109e-01 -9.323753342446727821e-02 -9.100032204986501227e-01 4.817237690076082046e+00
-9.021824822504759256e-01 4.922717370365228134e-02 4.285364092927452795e-01 1.809019225209090678e+02 4.409457614430248307e-03 9.944672851453375539e-01 -1.049541588466505332e-01 -2.021727616188008270e+01 -4.313320361437530392e-01 -9.279819041776557476e-02 -8.974080289652384135e-01 2.481034231249230171e+00
-8.882035528888799769e-01 5.315204745912519013e-02 4.563653234925643121e-01 1.820507226152843145e+02 6.216968563393673528e-03 9.945852551506795258e-01 -1.037377440411106078e-01 -2.048406758141562634e+01 -4.594080952023508746e-01 -8.930302395641553925e-02 -8.837246018838615935e-01 1.909043619872718978e-01
-8.728839147103284457e-01 5.688934894442264356e-02 4.846001170208806275e-01 1.832408438332292064e+02 9.279491307350911170e-03 9.949355936886887797e-01 -1.000852409319812758e-01 -2.076648827587034774e+01 -4.878396893253447164e-01 -8.286595433599783234e-02 -8.689911801226394283e-01 -1.981767457116631714e+00
-8.539717104574532369e-01 6.244244405010392768e-02 5.165590565650948207e-01 1.844931263091221751e+02 1.332910519565479873e-02 9.950724672570243623e-01 -9.825029191662100481e-02 -2.104035649274065278e+01 -5.201486832561004192e-01 -7.701769983625668392e-02 -8.505960387980180393e-01 -4.109493542348181094e+00
-8.327236081126662137e-01 6.547203122485270588e-02 5.498043339399152352e-01 1.857861607166862541e+02 1.444551218678015100e-02 9.952151780347654464e-01 -9.663372385917674834e-02 -2.131873923555602346e+01 -5.535004242721809353e-01 -7.252697799110323362e-02 -8.296849509265523670e-01 -6.120829333133362304e+00
-8.086251404796584996e-01 6.951572631103053457e-02 5.842028294862169346e-01 1.871933615029362272e+02 1.546410053482454722e-02 9.951630459832527809e-01 -9.701223378514341189e-02 -2.157694865876069557e+01 -5.881209431561689183e-01 -6.941235988485335018e-02 -8.057888560387986843e-01 -8.130712460259086782e+00
