1.000000000000000000e+00 9.043679867482001811e-12 2.326809057928702629e-11 5.551115123125782702e-17 9.043683336928953764e-12 1.000000000000000000e+00 2.392369913284397853e-10 3.330669073875469621e-16 2.326809925290440617e-11 2.392369913284397853e-10 9.999998807907104492e-01 -4.440892098500626162e-16
9.999909996986389160e-01 1.048972015269100666e-03 -4.131347872316837311e-03 -9.374345093965530396e-02 -1.058513997122645378e-03 9.999967813491821289e-01 -2.308103954419493675e-03 -5.676063895225524902e-02 4.128912929445505142e-03 2.312456024810671806e-03 9.999886751174926758e-01 1.716274976730346680e+00
9.999637007713317871e-01 2.078471006825566292e-03 -8.263497613370418549e-03 -1.874857991933822632e-01 -2.116664079949259758e-03 9.999871253967285156e-01 -4.615826066583395004e-03 -1.135201975703239441e-01 8.253796957433223724e-03 4.633149132132530212e-03 9.999551177024841309e-01 3.432647943496704102e+00
9.999184012413024902e-01 3.088362980633974075e-03 -1.239599008113145828e-02 -2.812195122241973877e-01 -3.174349898472428322e-03 9.999709725379943848e-01 -6.922975182533264160e-03 -1.702743023633956909e-01 1.237425021827220917e-02 6.961759179830551147e-03 9.998990893363952637e-01 5.148986816406250000e+00
9.998551011085510254e-01 4.078704863786697388e-03 -1.652912981808185577e-02 -3.749547004699707031e-01 -4.231669008731842041e-03 9.999483823776245117e-01 -9.229794144630432129e-03 -2.270289957523345947e-01 1.649063080549240112e-02 9.298400953412055969e-03 9.998207092285156250e-01 6.865477085113525391e+00
9.997738003730773926e-01 5.049868021160364151e-03 -2.066463045775890350e-02 -4.687328934669494629e-01 -5.289072170853614807e-03 9.999194145202636719e-01 -1.153730042278766632e-02 -2.838096022605895996e-01 2.060469985008239746e-02 1.164398994296789169e-02 9.997197985649108887e-01 8.582885742187500000e+00
9.996744990348815918e-01 6.000540219247341156e-03 -2.479691989719867706e-02 -5.624309778213500977e-01 -6.345159839838743210e-03 9.998840093612670898e-01 -1.384245976805686951e-02 -3.405416011810302734e-01 2.471097931265830994e-02 1.399530004709959030e-02 9.995965957641601562e-01 1.029895973205566406e+01
9.995561838150024414e-01 7.058450020849704742e-03 -2.894213050603866577e-02 -6.562051773071289062e-01 -7.530448958277702332e-03 9.998399019241333008e-01 -1.623192057013511658e-02 -3.973963856697082520e-01 2.882291935384273529e-02 1.644266024231910706e-02 9.994491934776306152e-01 1.201541042327880859e+01
9.994226098060607910e-01 7.842767983675003052e-03 -3.306166827678680420e-02 -7.498241066932678223e-01 -8.456088602542877197e-03 9.997940063476562500e-01 -1.845197938382625580e-02 -4.540039002895355225e-01 3.291013836860656738e-02 1.872088946402072906e-02 9.992828965187072754e-01 1.373145961761474609e+01
9.992482066154479980e-01 1.235688012093305588e-02 -3.674849122762680054e-02 -8.546642065048217773e-01 -1.320676039904356003e-02 9.996488094329833984e-01 -2.297477051615715027e-02 -5.155069828033447266e-01 3.645168989896774292e-02 2.344281971454620361e-02 9.990603923797607422e-01 1.547957038879394531e+01
9.991241097450256348e-01 1.328776963055133820e-02 -3.967995941638946533e-02 -9.609162807464599609e-01 -1.412604004144668579e-02 9.996812939643859863e-01 -2.092052064836025238e-02 -5.783594846725463867e-01 3.938933089375495911e-02 2.146271057426929474e-02 9.989933967590332031e-01 1.726896095275878906e+01
9.990174174308776855e-01 1.304822042584419250e-02 -4.235653951764106750e-02 -1.066256046295166016e+00 -1.386114954948425293e-02 9.997242093086242676e-01 -1.895578950643539429e-02 -6.387363076210021973e-01 4.209752008318901062e-02 1.952427066862583160e-02 9.989227056503295898e-01 1.908411026000976562e+01
9.989119768142700195e-01 1.152857020497322083e-02 -4.518863186240196228e-02 -1.171839952468872070e+00 -1.247777044773101807e-02 9.997062087059020996e-01 -2.077976986765861511e-02 -6.990777850151062012e-01 4.493578895926475525e-02 2.132100984454154968e-02 9.987623095512390137e-01 2.091367912292480469e+01
9.988592863082885742e-01 1.299421023577451706e-02 -4.594913870096206665e-02 -1.280807018280029297e+00 -1.370812021195888519e-02 9.997895956039428711e-01 -1.525610033422708511e-02 -7.604717016220092773e-01 4.574123024940490723e-02 1.586857065558433533e-02 9.988272190093994141e-01 2.277432060241699219e+01
9.989649057388305664e-01 1.285172998905181885e-02 -4.363580048084259033e-02 -1.385746955871582031e+00 -1.325687021017074585e-02 9.998714923858642578e-01 -9.007756598293781281e-03 -8.209244012832641602e-01 4.351441934704780579e-02 9.576906450092792511e-03 9.990068078041076660e-01 2.465175056457519531e+01
9.990745782852172852e-01 1.289592031389474869e-02 -4.103308916091918945e-02 -1.487043976783752441e+00 -1.333334017544984818e-02 9.998570084571838379e-01 -1.040438003838062286e-02 -8.702126741409301758e-01 4.089305177330970764e-02 1.094186026602983475e-02 9.991036057472229004e-01 2.654471015930175781e+01
9.991533160209655762e-01 1.320645026862621307e-02 -3.896502032876014709e-02 -1.586550951004028320e+00 -1.396325044333934784e-02 9.997177720069885254e-01 -1.921474002301692963e-02 -9.254150986671447754e-01 3.870026022195816040e-02 1.974255032837390900e-02 9.990558028221130371e-01 2.845466041564941406e+01
9.992215037345886230e-01 9.086311794817447662e-03 -3.839229047298431396e-02 -1.680971026420593262e+00 -9.596057236194610596e-03 9.998679161071777344e-01 -1.311391033232212067e-02 -9.838377237319946289e-01 3.826805949211120605e-02 1.347211003303527832e-02 9.991766214370727539e-01 3.039838981628417969e+01
9.991829991340637207e-01 -1.840283046476542950e-03 -4.037462919950485229e-02 -1.768975973129272461e+00 1.460768980905413628e-03 9.999545216560363770e-01 -9.427292272448539734e-03 -1.036363005638122559e+00 4.039014130830764771e-02 9.360611438751220703e-03 9.991400837898254395e-01 3.235713958740234375e+01
9.990441799163818359e-01 -4.076714161783456802e-03 -4.352239891886711121e-02 -1.870663046836853027e+00 3.306847997009754181e-03 9.998369812965393066e-01 -1.774634048342704773e-02 -1.088016033172607422e+00 4.358765855431556702e-02 1.758545078337192535e-02 9.988948106765747070e-01 3.432020950317382812e+01
9.989125728607177734e-01 -3.564846934750676155e-03 -4.648699983954429626e-02 -1.993747949600219727e+00 2.782576018944382668e-03 9.998536109924316406e-01 -1.688160933554172516e-02 -1.194548010826110840e+00 4.654036834836006165e-02 1.673389971256256104e-02 9.987761974334716797e-01 3.638750839233398438e+01
9.988085031509399414e-01 2.160348003599210642e-06 -4.880144819617271423e-02 -2.126952886581420898e+00 -6.257569184526801109e-04 9.999182820320129395e-01 -1.276297029107809067e-02 -1.305052042007446289e+00 4.879742860794067383e-02 1.277829986065626144e-02 9.987269043922424316e-01 3.847151184082031250e+01
9.987568855285644531e-01 4.894213052466511726e-04 -4.984525963664054871e-02 -2.256114959716796875e+00 -8.210333180613815784e-04 9.999775886535644531e-01 -6.632571108639240265e-03 -1.393046975135803223e+00 4.984090104699134827e-02 6.665249820798635483e-03 9.987348914146423340e-01 4.053855133056640625e+01
9.987143278121948242e-01 6.952179130166769028e-03 -5.021497979760169983e-02 -2.399728059768676758e+00 -7.192512974143028259e-03 9.999635219573974609e-01 -4.606971051543951035e-03 -1.460731029510498047e+00 5.018112063407897949e-02 4.962218925356864929e-03 9.987277984619140625e-01 4.258303070068359375e+01
9.987012743949890137e-01 8.983148261904716492e-03 -5.015068873763084412e-02 -2.535885095596313477e+00 -9.456169791519641876e-03 9.999129176139831543e-01 -9.202712215483188629e-03 -1.522850036621093750e+00 5.006365105509757996e-02 9.664991870522499084e-03 9.986991882324218750e-01 4.459790039062500000e+01
9.986011981964111328e-01 6.863745860755443573e-03 -5.242779105901718140e-02 -2.661880970001220703e+00 -7.280160207301378250e-03 9.999433755874633789e-01 -7.755765225738286972e-03 -1.593755960464477539e+00 5.237159132957458496e-02 8.126597851514816284e-03 9.985945224761962891e-01 4.659803009033203125e+01
9.985154271125793457e-01 9.830434806644916534e-03 -5.357608944177627563e-02 -2.800793886184692383e+00 -1.032217964529991150e-02 9.999070167541503906e-01 -8.909521624445915222e-03 -1.664528965950012207e+00 5.348351970314979553e-02 9.449317120015621185e-03 9.985240101814270020e-01 4.857855987548828125e+01
9.984384775161743164e-01 1.064895000308752060e-02 -5.483888089656829834e-02 -2.937935113906860352e+00 -1.149460021406412125e-02 9.998195171356201172e-01 -1.512829028069972992e-02 -1.729012966156005859e+00 5.466787889599800110e-02 1.573500968515872955e-02 9.983804821968078613e-01 5.053773117065429688e+01
9.984356164932250977e-01 7.566175889223814011e-03 -5.540069937705993652e-02 -3.065844058990478516e+00 -8.064009249210357666e-03 9.999290108680725098e-01 -8.767995052039623260e-03 -1.798993945121765137e+00 5.533042922616004944e-02 9.201029315590858459e-03 9.984256029129028320e-01 5.249501037597656250e+01
9.984325766563415527e-01 3.282949095591902733e-03 -5.587137863039970398e-02 -3.191519975662231445e+00 -3.779690014198422432e-03 9.999542236328125000e-01 -8.787440136075019836e-03 -1.858397960662841797e+00 5.583997070789337158e-02 8.984842337667942047e-03 9.983991980552673340e-01 5.442803955078125000e+01
9.983366727828979492e-01 -1.591213978826999664e-03 -5.763218179345130920e-02 -3.310921907424926758e+00 1.036801957525312901e-03 9.999529123306274414e-01 -9.648457169532775879e-03 -1.913841009140014648e+00 5.764481052756309509e-02 9.572654031217098236e-03 9.982911944389343262e-01 5.635039138793945312e+01
9.982268214225769043e-01 -5.964740179479122162e-03 -5.922694131731987000e-02 -3.438993930816650391e+00 5.986946169286966324e-03 9.999819993972778320e-01 1.974663027795031667e-04 -1.956763029098510742e+00 5.922469869256019592e-02 -5.517037934623658657e-04 9.982445240020751953e-01 5.827399826049804688e+01
9.981160759925842285e-01 -2.919496037065982819e-03 -6.128510832786560059e-02 -3.579193115234375000e+00 2.920554019510746002e-03 9.999957084655761719e-01 -7.231075869640335441e-05 -1.998111009597778320e+00 6.128505989909172058e-02 -1.068112032953649759e-04 9.981201887130737305e-01 6.016632843017578125e+01
9.979547262191772461e-01 -9.592105052433907986e-04 -6.391829997301101685e-02 -3.703383922576904297e+00 5.024105121265165508e-05 9.998989105224609375e-01 -1.422088965773582458e-02 -2.049159049987792969e+00 6.392546743154525757e-02 1.418859977275133133e-02 9.978538155555725098e-01 6.200632095336914062e+01
9.977905154228210449e-01 7.492613047361373901e-03 -6.601519137620925903e-02 -3.843940019607543945e+00 -8.206300437450408936e-03 9.999107122421264648e-01 -1.054641045629978180e-02 -2.112093925476074219e+00 6.593027710914611816e-02 1.106484979391098022e-02 9.977627992630004883e-01 6.381518936157226562e+01
9.975908994674682617e-01 1.034502033144235611e-02 -6.859619915485382080e-02 -3.978228092193603516e+00 -1.103349961340427399e-02 9.998924136161804199e-01 -9.665437042713165283e-03 -2.173835039138793945e+00 6.848882883787155151e-02 1.039901003241539001e-02 9.975975751876831055e-01 6.556671905517578125e+01
9.973396062850952148e-01 1.318379957228899002e-02 -7.169362902641296387e-02 -4.114441871643066406e+00 -1.380045991390943527e-02 9.998717904090881348e-01 -8.112825453281402588e-03 -2.230822086334228516e+00 7.157748192548751831e-02 9.080645628273487091e-03 9.973937273025512695e-01 6.726454925537109375e+01
9.971240758895874023e-01 1.256612036377191544e-02 -7.473754137754440308e-02 -4.244855880737304688e+00 -1.307757012546062469e-02 9.998942017555236816e-01 -6.357728037983179092e-03 -2.283309936523437500e+00 7.464973628520965576e-02 7.316829171031713486e-03 9.971829056739807129e-01 6.890994262695312500e+01
9.968771934509277344e-01 1.677181012928485870e-02 -7.716622203588485718e-02 -4.381935119628906250e+00 -1.677975989878177643e-02 9.998589754104614258e-01 5.454461788758635521e-04 -2.329476118087768555e+00 7.716449350118637085e-02 7.510881987400352955e-04 9.970179796218872070e-01 7.050798797607421875e+01
9.964960813522338867e-01 2.232345007359981537e-02 -8.060564100742340088e-02 -4.514874935150146484e+00 -2.246982976794242859e-02 9.997470974922180176e-01 -9.091952233575284481e-04 -2.382091045379638672e+00 8.056495338678359985e-02 2.717205090448260307e-03 9.967455863952636719e-01 7.203735351562500000e+01
9.962562918663024902e-01 2.164988964796066284e-02 -8.369451016187667847e-02 -4.644342899322509766e+00 -2.291183918714523315e-02 9.996374249458312988e-01 -1.414701994508504868e-02 -2.432981967926025391e+00 8.335787802934646606e-02 1.601164974272251129e-02 9.963909983634948730e-01 7.348065185546875000e+01
9.960873126983642578e-01 2.480833977460861206e-02 -8.482127636671066284e-02 -4.775730133056640625e+00 -2.599143050611019135e-02 9.995793104171752930e-01 -1.287207007408142090e-02 -2.490277051925659180e+00 8.446624875068664551e-02 1.502633001655340195e-02 9.963129758834838867e-01 7.485147094726562500e+01
9.959074854850769043e-01 2.291063033044338226e-02 -8.742661029100418091e-02 -4.891889095306396484e+00 -2.409574948251247406e-02 9.996312260627746582e-01 -1.252424996346235275e-02 -2.556653976440429688e+00 8.710741996765136719e-02 1.457960996776819229e-02 9.960922002792358398e-01 7.613828277587890625e+01
9.961634874343872070e-01 1.044107042253017426e-02 -8.688679337501525879e-02 -4.985836982727050781e+00 -1.249940972775220871e-02 9.996532201766967773e-01 -2.317957021296024323e-02 -2.616741895675659180e+00 8.661463111639022827e-02 2.417667023837566376e-02 9.959483742713928223e-01 7.734409332275390625e+01
9.966393709182739258e-01 1.770653948187828064e-02 -7.997749000787734985e-02 -5.092731952667236328e+00 -1.941041089594364166e-02 9.995998144149780273e-01 -2.057725936174392700e-02 -2.675698995590209961e+00 7.958112657070159912e-02 2.206050045788288116e-02 9.965841770172119141e-01 7.849463653564453125e+01
9.974632859230041504e-01 1.217036973685026169e-02 -7.013516128063201904e-02 -5.159771919250488281e+00 -1.315774023532867432e-02 9.998204708099365234e-01 -1.363334991037845612e-02 -2.729207038879394531e+00 6.995665282011032104e-02 1.452158018946647644e-02 9.974442720413208008e-01 7.959230041503906250e+01
9.985954761505126953e-01 1.068614982068538666e-02 -5.189267173409461975e-02 -5.208269119262695312e+00 -1.122406963258981705e-02 9.998860955238342285e-01 -1.008571963757276535e-02 -2.780021905899047852e+00 5.177897959947586060e-02 1.065399963408708572e-02 9.986016750335693359e-01 8.063455200195312500e+01
9.995877742767333984e-01 2.136933058500289917e-02 -1.917552016675472260e-02 -5.248891830444335938e+00 -2.156743966042995453e-02 9.997155070304870605e-01 -1.018473040312528610e-02 -2.822088003158569336e+00 1.895241998136043549e-02 1.059409976005554199e-02 9.997642040252685547e-01 8.162286376953125000e+01
9.994835853576660156e-01 1.619024947285652161e-02 2.775764092803001404e-02 -5.207468986511230469e+00 -1.593999937176704407e-02 9.998304843902587891e-01 -9.213405661284923553e-03 -2.859306097030639648e+00 -2.790210023522377014e-02 8.766190148890018463e-03 9.995722174644470215e-01 8.255593872070312500e+01
9.959138035774230957e-01 1.420072000473737717e-02 8.918593078851699829e-02 -5.105619907379150391e+00 -1.367050036787986755e-02 9.998850822448730469e-01 -6.553178187459707260e-03 -2.895750999450683594e+00 -8.926872909069061279e-02 5.307184066623449326e-03 9.959933757781982422e-01 8.345453643798828125e+01
9.859899282455444336e-01 1.389744970947504044e-02 1.662251949310302734e-01 -4.934648990631103516e+00 -1.302693970501422882e-02 9.998950958251953125e-01 -6.326123140752315521e-03 -2.926167011260986328e+00 -1.662957072257995605e-01 4.072086885571479797e-03 9.860674738883972168e-01 8.431337738037109375e+01
9.660754799842834473e-01 1.536343991756439209e-02 2.578023970127105713e-01 -4.680937767028808594e+00 -1.364848017692565918e-02 9.998711943626403809e-01 -8.440596982836723328e-03 -2.961854934692382812e+00 -2.578988969326019287e-01 4.635641817003488541e-03 9.661607146263122559e-01 8.511820220947265625e+01
9.313822984695434570e-01 1.599263027310371399e-02 3.636913001537322998e-01 -4.336343765258789062e+00 -1.189395040273666382e-02 9.998379945755004883e-01 -1.350659970194101334e-02 -2.995233058929443359e+00 -3.638482987880706787e-01 8.254080079495906830e-03 9.314215779304504395e-01 8.585372924804687500e+01
8.794214129447937012e-01 1.652574911713600159e-02 4.757573008537292480e-01 -3.903866052627563477e+00 -9.195857681334018707e-03 9.998005032539367676e-01 -1.773050986230373383e-02 -3.018352985382080078e+00 -4.759553968906402588e-01 1.121759042143821716e-02 8.793978095054626465e-01 8.652587890625000000e+01
8.111526966094970703e-01 1.400217041373252869e-02 5.846667885780334473e-01 -3.393065929412841797e+00 -2.514888066798448563e-03 9.997876286506652832e-01 -2.045479975640773773e-02 -3.048141956329345703e+00 -5.848289728164672852e-01 1.512159034609794617e-02 8.110156059265136719e-01 8.709558105468750000e+01
7.306835055351257324e-01 1.139090023934841156e-02 6.826214194297790527e-01 -2.817802906036376953e+00 -2.276653976878151298e-04 9.998648166656494141e-01 -1.644103974103927612e-02 -3.074584007263183594e+00 -6.827163100242614746e-01 1.185777969658374786e-02 7.305871844291687012e-01 8.759400939941406250e+01
6.415606141090393066e-01 8.605910465121269226e-03 7.670240998268127441e-01 -2.182601928710937500e+00 5.801599938422441483e-03 9.998540282249450684e-01 -1.607085950672626495e-02 -3.093148946762084961e+00 -7.670503854751586914e-01 1.476038992404937744e-02 6.414170265197753906e-01 8.800813293457031250e+01
5.506435036659240723e-01 6.831839215010404587e-03 8.347126245498657227e-01 -1.511054992675781250e+00 1.267694029957056046e-02 9.997826814651489258e-01 -1.654561981558799744e-02 -3.116571903228759766e+00 -8.346443176269531250e-01 1.969232968986034393e-02 5.504372119903564453e-01 8.834349060058593750e+01
4.602982997894287109e-01 1.148163992911577225e-02 8.876901268959045410e-01 -8.110713958740234375e-01 8.704639971256256104e-03 9.998099207878112793e-01 -1.744549907743930817e-02 -3.138031005859375000e+00 -8.877215981483459473e-01 1.575714908540248871e-02 4.601108133792877197e-01 8.864158630371093750e+01
3.806251883506774902e-01 1.378825982101261616e-03 9.247283935546875000e-01 -7.268361002206802368e-02 3.173796087503433228e-02 9.993901848793029785e-01 -1.455373968929052353e-02 -3.150458097457885742e+00 -9.241845011711120605e-01 3.488850966095924377e-02 3.803493976593017578e-01 8.883995056152343750e+01
3.138408958911895752e-01 1.002431963570415974e-03 9.494751095771789551e-01 6.763449907302856445e-01 3.611652925610542297e-02 9.992631077766418457e-01 -1.299300976097583771e-02 -3.166835069656372070e+00 -9.487884044647216797e-01 3.836946934461593628e-02 3.135733902454376221e-01 8.902314758300781250e+01
2.551133036613464355e-01 1.327093038707971573e-02 9.668201208114624023e-01 1.434582948684692383e+00 1.946154050529003143e-02 9.996327161788940430e-01 -1.885662041604518890e-02 -3.205996990203857422e+00 -9.667152762413024902e-01 2.362637966871261597e-02 2.547613084316253662e-01 8.921056365966796875e+01
2.067350000143051147e-01 1.580712012946605682e-02 9.782692790031433105e-01 2.240742921829223633e+00 2.747049927711486816e-02 9.993814826011657715e-01 -2.195351943373680115e-02 -3.234216928482055664e+00 -9.780111908912658691e-01 3.141209855675697327e-02 2.061728984117507935e-01 8.932949829101562500e+01
1.677054017782211304e-01 2.973015047609806061e-02 9.853888154029846191e-01 3.089761972427368164e+00 3.891919925808906555e-02 9.985663294792175293e-01 -3.675147145986557007e-02 -3.233114004135131836e+00 -9.850686192512512207e-01 4.451394826173782349e-02 1.663078963756561279e-01 8.941899108886718750e+01
1.346624940633773804e-01 2.612444013357162476e-02 9.905471205711364746e-01 4.002128124237060547e+00 3.409387171268463135e-02 9.989383220672607422e-01 -3.098073974251747131e-02 -3.269702911376953125e+00 -9.903048276901245117e-01 3.794351965188980103e-02 1.336289048194885254e-01 8.952059173583984375e+01
1.066450029611587524e-01 2.015680074691772461e-02 9.940928816795349121e-01 4.962460994720458984e+00 3.689254075288772583e-02 9.990258216857910156e-01 -2.421461977064609528e-02 -3.311657905578613281e+00 -9.936124086380004883e-01 3.925697132945060730e-02 1.057974994182586670e-01 8.958341217041015625e+01
8.451437205076217651e-02 1.970805972814559937e-02 9.962273836135864258e-01 5.974572181701660156e+00 4.433755949139595032e-02 9.987397193908691406e-01 -2.351911924779415131e-02 -3.344692945480346680e+00 -9.954352974891662598e-01 4.615797847509384155e-02 8.353404700756072998e-02 8.962100982666015625e+01
7.011216878890991211e-02 2.055161073803901672e-02 9.973273873329162598e-01 7.050381183624267578e+00 4.845901951193809509e-02 9.985371828079223633e-01 -2.398321963846683502e-02 -3.379766941070556641e+00 -9.963613152503967285e-01 5.001100897789001465e-02 6.901369988918304443e-02 8.965473175048828125e+01
5.805224180221557617e-02 2.266708016395568848e-02 9.980561733245849609e-01 8.197957038879394531e+00 5.045707151293754578e-02 9.983978271484375000e-01 -2.560970000922679901e-02 -3.409306049346923828e+00 -9.970375895500183105e-01 5.184568092226982117e-02 5.681550875306129456e-02 8.968785095214843750e+01
4.996154084801673889e-02 2.243890054523944855e-02 9.984990954399108887e-01 9.420229911804199219e+00 5.465687066316604614e-02 9.981880187988281250e-01 -2.516675926744937897e-02 -3.442284107208251953e+00 -9.972543716430664062e-01 5.583218857645988464e-02 4.864456877112388611e-02 8.970786285400390625e+01
4.330614954233169556e-02 2.144658006727695465e-02 9.988316893577575684e-01 1.071457958221435547e+01 5.731410905718803406e-02 9.980697035789489746e-01 -2.391517907381057739e-02 -3.477648019790649414e+00 -9.974164962768554688e-01 5.828281119465827942e-02 4.199336096644401550e-02 8.971954345703125000e+01
4.227178916335105896e-02 2.071974053978919983e-02 9.988912940025329590e-01 1.207462024688720703e+01 6.595747917890548706e-02 9.975460171699523926e-01 -2.348308078944683075e-02 -3.511617898941040039e+00 -9.969266057014465332e-01 6.687700748443603516e-02 4.080143943428993225e-02 8.972017669677734375e+01
4.733312875032424927e-02 2.077681012451648712e-02 9.986631274223327637e-01 1.350500965118408203e+01 7.020740211009979248e-02 9.972417950630187988e-01 -2.407483011484146118e-02 -3.549540996551513672e+00 -9.964088201522827148e-01 7.125306129455566406e-02 4.574389010667800903e-02 8.973867797851562500e+01
5.485120043158531189e-02 1.873660087585449219e-02 9.983187913894653320e-01 1.500259971618652344e+01 7.237751036882400513e-02 9.971191287040710449e-01 -2.269076928496360779e-02 -3.595307111740112305e+00 -9.958677887916564941e-01 7.350043207406997681e-02 5.333707109093666077e-02 8.977631378173828125e+01
6.263966113328933716e-02 1.506435964256525040e-02 9.979224801063537598e-01 1.656055068969726562e+01 6.951846182346343994e-02 9.973915815353393555e-01 -1.942002959549427032e-02 -3.645848989486694336e+00 -9.956120848655700684e-01 7.059048116207122803e-02 6.142902001738548279e-02 8.984339141845703125e+01
7.057070732116699219e-02 1.479214988648891449e-02 9.973971247673034668e-01 1.815650939941406250e+01 6.595721095800399780e-02 9.976326227188110352e-01 -1.946244947612285614e-02 -3.696455001831054688e+00 -9.953237175941467285e-01 6.715899705886840820e-02 6.942798942327499390e-02 8.992948150634765625e+01
7.513596117496490479e-02 2.442768029868602753e-02 9.968740940093994141e-01 1.976819038391113281e+01 5.827767029404640198e-02 9.978836178779602051e-01 -2.884490042924880981e-02 -3.758629083633422852e+00 -9.954687952995300293e-01 6.026278063654899597e-02 7.355335354804992676e-02 9.003337860107421875e+01
7.476583868265151978e-02 2.757564000785350800e-02 9.968197941780090332e-01 2.139946937561035156e+01 5.324228852987289429e-02 9.980813860893249512e-01 -3.160395100712776184e-02 -3.828201055526733398e+00 -9.957786798477172852e-01 5.543585121631622314e-02 7.315418869256973267e-02 9.013240814208984375e+01
7.437194883823394775e-02 2.433853968977928162e-02 9.969335794448852539e-01 2.303432083129882812e+01 5.132069066166877747e-02 9.982839822769165039e-01 -2.820006944239139557e-02 -3.908788919448852539e+00 -9.959090948104858398e-01 5.326059833168983459e-02 7.299525290727615356e-02 9.022769165039062500e+01
7.410208135843276978e-02 2.327013015747070312e-02 9.969791769981384277e-01 2.466659927368164062e+01 4.734120890498161316e-02 9.985185265541076660e-01 -2.682477980852127075e-02 -3.991883993148803711e+00 -9.961262941360473633e-01 4.918596148490905762e-02 7.289066165685653687e-02 9.031732177734375000e+01
7.273598015308380127e-02 2.538876980543136597e-02 9.970281124114990234e-01 2.628879928588867188e+01 4.182688891887664795e-02 9.987187981605529785e-01 -2.848321944475173950e-02 -4.070674896240234375e+00 -9.964737296104431152e-01 4.377432912588119507e-02 7.158084958791732788e-02 9.041152954101562500e+01
6.591466069221496582e-02 2.417629957199096680e-02 9.975324273109436035e-01 2.790991973876953125e+01 3.637501969933509827e-02 9.989836812019348145e-01 -2.661506086587905884e-02 -4.149284839630126953e+00 -9.971619844436645508e-01 3.803956881165504456e-02 6.496825069189071655e-02 9.049922180175781250e+01
5.454557016491889954e-02 1.931204088032245636e-02 9.983245134353637695e-01 2.953343963623046875e+01 3.223633021116256714e-02 9.992576837539672852e-01 -2.109139971435070038e-02 -4.227712154388427734e+00 -9.979907274246215820e-01 3.333275020122528076e-02 5.388253182172775269e-02 9.056802368164062500e+01
3.816210106015205383e-02 2.033871971070766449e-02 9.990646243095397949e-01 3.114204025268554688e+01 3.120822086930274963e-02 9.992809295654296875e-01 -2.153521962463855743e-02 -4.298961162567138672e+00 -9.987841248512268066e-01 3.200083971023559570e-02 3.749991953372955322e-02 9.060259246826171875e+01
1.781184971332550049e-02 2.023573033511638641e-02 9.996365904808044434e-01 3.274068832397460938e+01 3.296529129147529602e-02 9.992396831512451172e-01 -2.081508934497833252e-02 -4.366799831390380859e+00 -9.992976784706115723e-01 3.332405909895896912e-02 1.713122986257076263e-02 9.059832763671875000e+01
-4.213761072605848312e-03 1.806635968387126923e-02 9.998279213905334473e-01 3.432424163818359375e+01 3.337769955396652222e-02 9.992821812629699707e-01 -1.791583932936191559e-02 -4.430513858795166016e+00 -9.994338750839233398e-01 3.329645842313766479e-02 -4.813747946172952652e-03 9.056240844726562500e+01
-2.648071944713592529e-02 1.872505992650985718e-02 9.994739890098571777e-01 3.588914871215820312e+01 3.400306031107902527e-02 9.992628097534179688e-01 -1.782022044062614441e-02 -4.490465164184570312e+00 -9.990708231925964355e-01 3.351327031850814819e-02 -2.709789946675300598e-02 9.049002838134765625e+01
-4.758920893073081970e-02 2.088991925120353699e-02 9.986485838890075684e-01 3.743082809448242188e+01 3.458039090037345886e-02 9.992163777351379395e-01 -1.925393007695674896e-02 -4.548256874084472656e+00 -9.982681870460510254e-01 3.361736983060836792e-02 -4.827430099248886108e-02 9.038672637939453125e+01
-6.683214753866195679e-02 2.208670042455196381e-02 9.975197911262512207e-01 3.894049072265625000e+01 3.617940843105316162e-02 9.991511106491088867e-01 -1.969886943697929382e-02 -4.607065200805664062e+00 -9.971079826354980469e-01 3.477314859628677368e-02 -6.757450103759765625e-02 9.025164794921875000e+01
-8.502154797315597534e-02 2.197808958590030670e-02 9.961367249488830566e-01 4.041875839233398438e+01 3.826025128364562988e-02 9.990913271903991699e-01 -1.877772994339466095e-02 -4.664020061492919922e+00 -9.956442117691040039e-01 3.651592135429382324e-02 -8.578518033027648926e-02 9.009175872802734375e+01
-9.778459370136260986e-02 1.924549974501132965e-02 9.950215220451354980e-01 4.186323928833007812e+01 4.272773116827011108e-02 9.989722967147827148e-01 -1.512291003018617630e-02 -4.721759796142578125e+00 -9.942898750305175781e-01 4.103621095418930054e-02 -9.850639849901199341e-02 8.991030883789062500e+01
-1.045887023210525513e-01 1.626385003328323364e-02 9.943826198577880859e-01 4.327463150024414062e+01 4.754501953721046448e-02 9.988048076629638672e-01 -1.133542042225599289e-02 -4.770014762878417969e+00 -9.933784008026123047e-01 4.609236866235733032e-02 -1.052369028329849243e-01 8.972399139404296875e+01
-1.074151992797851562e-01 1.566223986446857452e-02 9.940909147262573242e-01 4.463116073608398438e+01 4.845888912677764893e-02 9.987699985504150391e-01 -1.049980986863374710e-02 -4.815262794494628906e+00 -9.930325150489807129e-01 4.704469069838523865e-02 -1.080420017242431641e-01 8.954649353027343750e+01
-1.039436981081962585e-01 1.811138913035392761e-02 9.944183230400085449e-01 4.592279815673828125e+01 5.064114183187484741e-02 9.986336231231689453e-01 -1.289479993283748627e-02 -4.858683109283447266e+00 -9.932931065559387207e-01 4.901812970638275146e-02 -1.047187969088554382e-01 8.937856292724609375e+01
-9.158104658126831055e-02 1.937641948461532593e-02 9.956091046333312988e-01 4.714397048950195312e+01 4.996095970273017883e-02 9.986408948898315430e-01 -1.483977958559989929e-02 -4.902935981750488281e+00 -9.945434927940368652e-01 4.838253930211067200e-02 -9.242463856935501099e-02 8.924450683593750000e+01
-6.719239056110382080e-02 1.967588998377323151e-02 9.975460171699523926e-01 4.828879165649414062e+01 4.841075092554092407e-02 9.986922144889831543e-01 -1.643767021596431732e-02 -4.950044155120849609e+00 -9.965648055076599121e-01 4.718745127320289612e-02 -6.805703043937683105e-02 8.915280151367187500e+01
-3.001449070870876312e-02 2.349432930350303650e-02 9.992733001708984375e-01 4.936647033691406250e+01 4.565937817096710205e-02 9.987123012542724609e-01 -2.210970036685466766e-02 -5.001409053802490234e+00 -9.985060095787048340e-01 4.496258124709129333e-02 -3.104856982827186584e-02 8.912113189697265625e+01
2.161174081265926361e-02 2.824598923325538635e-02 9.993674159049987793e-01 5.041669845581054688e+01 4.145874828100204468e-02 9.987155795097351074e-01 -2.912415005266666412e-02 -5.056478977203369141e+00 -9.989063739776611328e-01 4.206192865967750549e-02 2.041294053196907043e-02 8.914842224121093750e+01
9.163407981395721436e-02 2.556616999208927155e-02 9.954645037651062012e-01 5.145679092407226562e+01 3.803664073348045349e-02 9.988508820533752441e-01 -2.915447950363159180e-02 -5.111122131347656250e+00 -9.950659871101379395e-01 4.053565859794616699e-02 9.055633097887039185e-02 8.925585937500000000e+01
1.770683974027633667e-01 1.742294989526271820e-02 9.840443730354309082e-01 5.246406936645507812e+01 3.263935819268226624e-02 9.991893172264099121e-01 -2.356421947479248047e-02 -5.168306827545166016e+00 -9.836571216583251953e-01 3.629105165600776672e-02 1.763561069965362549e-01 8.945092773437500000e+01
2.747902870178222656e-01 1.261810027062892914e-02 9.614213705062866211e-01 5.343056106567382812e+01 2.372843958437442780e-02 9.995203018188476562e-01 -1.990010961890220642e-02 -5.228394985198974609e+00 -9.612113237380981445e-01 2.828137949109077454e-02 2.743591070175170898e-01 8.975036621093750000e+01
3.855813145637512207e-01 1.285007037222385406e-02 9.225844144821166992e-01 5.433153915405273438e+01 2.342307008802890778e-02 9.994444251060485840e-01 -2.370994910597801208e-02 -5.281037807464599609e+00 -9.223765134811401367e-01 3.075186908245086670e-02 3.850660920143127441e-01 9.016419219970703125e+01
5.031691789627075195e-01 1.924202032387256622e-02 8.639736771583557129e-01 5.513319015502929688e+01 2.368968911468982697e-02 9.990692138671875000e-01 -3.604742884635925293e-02 -5.336870193481445312e+00 -8.638631105422973633e-01 3.860520943999290466e-02 5.022450089454650879e-01 9.066097259521484375e+01
6.156355738639831543e-01 2.682680077850818634e-02 7.875741720199584961e-01 5.583592987060546875e+01 1.377100963145494461e-02 9.989014863967895508e-01 -4.478976130485534668e-02 -5.389737129211425781e+00 -7.879105806350708008e-01 3.841985017061233521e-02 6.145899295806884766e-01 9.127111816406250000e+01
7.170289158821105957e-01 2.626286074519157410e-02 6.965485215187072754e-01 5.644855117797851562e+01 9.622649289667606354e-03 9.988217949867248535e-01 -4.756544157862663269e-02 -5.448052883148193359e+00 -6.969770193099975586e-01 4.080842062830924988e-02 7.159312963485717773e-01 9.196614837646484375e+01
8.038727045059204102e-01 1.798655092716217041e-02 5.945293903350830078e-01 5.696792984008789062e+01 4.662333056330680847e-03 9.993214011192321777e-01 -3.653692081570625305e-02 -5.510533809661865234e+00 -5.947831273078918457e-01 3.214291855692863464e-02 8.032432794570922852e-01 9.276492309570312500e+01
8.725464940071105957e-01 1.221868954598903656e-02 4.883782863616943359e-01 5.737004852294921875e+01 -4.511298029683530331e-04 9.997069239616394043e-01 -2.420556917786598206e-02 -5.564448833465576172e+00 -4.885309040546417236e-01 2.090016007423400879e-02 8.722962141036987305e-01 9.361061859130859375e+01
9.196509122848510742e-01 1.403544005006551743e-02 3.924860060214996338e-01 5.768437957763671875e+01 -8.629860356450080872e-03 9.998421072959899902e-01 -1.553372014313936234e-02 -5.612666130065917969e+00 -3.926419913768768311e-01 1.089849974960088730e-02 9.196267724037170410e-01 9.450798034667968750e+01
9.478455185890197754e-01 2.467478066682815552e-02 3.177736997604370117e-01 5.792720031738281250e+01 -2.141611091792583466e-02 9.996761083602905273e-01 -1.374446041882038116e-02 -5.638494014739990234e+00 -3.180099129676818848e-01 6.222141906619071960e-03 9.480668902397155762e-01 9.544687652587890625e+01
9.641795158386230469e-01 2.129998989403247833e-02 2.643943130970001221e-01 5.816223907470703125e+01 -1.820980943739414215e-02 9.997342824935913086e-01 -1.413344033062458038e-02 -5.661976814270019531e+00 -2.646251022815704346e-01 8.812600746750831604e-03 9.643110036849975586e-01 9.640216827392578125e+01
9.715089201927185059e-01 2.227794937789440155e-02 2.359538972377777100e-01 5.838327026367187500e+01 -1.962484978139400482e-02 9.997150897979736328e-01 -1.358694955706596375e-02 -5.692606925964355469e+00 -2.361893057823181152e-01 8.569285273551940918e-03 9.716691970825195312e-01 9.738034820556640625e+01
9.747831821441650391e-01 3.487426042556762695e-02 2.204121053218841553e-01 5.858945846557617188e+01 -3.249051049351692200e-02 9.993677735328674316e-01 -1.443213969469070435e-02 -5.712881088256835938e+00 -2.207760065793991089e-01 6.906902883201837540e-03 9.753000140190124512e-01 9.840345001220703125e+01
9.753059148788452148e-01 4.290914162993431091e-02 2.166502028703689575e-01 5.881399154663085938e+01 -3.946071118116378784e-02 9.990165233612060547e-01 -2.022010087966918945e-02 -5.756137847900390625e+00 -2.173047065734863281e-01 1.117161009460687637e-02 9.760398268699645996e-01 9.946086883544921875e+01
9.740427732467651367e-01 4.025106132030487061e-02 2.227568030357360840e-01 5.907450866699218750e+01 -3.435475006699562073e-02 9.989507794380187988e-01 -3.028340078890323639e-02 -5.797891139984130859e+00 -2.237419933080673218e-01 2.184456959366798401e-02 9.744035005569458008e-01 1.005504989624023438e+02
9.718871116638183594e-01 4.493797942996025085e-02 2.311193048954010010e-01 5.934323120117187500e+01 -3.793231025338172913e-02 9.986786842346191406e-01 -3.466904908418655396e-02 -5.844769954681396484e+00 -2.323718070983886719e-01 2.492750994861125946e-02 9.723075032234191895e-01 1.016925964355468750e+02
9.692779779434204102e-01 4.541030153632164001e-02 2.417397946119308472e-01 5.963545989990234375e+01 -4.019100964069366455e-02 9.988409876823425293e-01 -2.648059092462062836e-02 -5.900970935821533203e+00 -2.426622062921524048e-01 1.595127955079078674e-02 9.699797034263610840e-01 1.028882980346679688e+02
9.677060246467590332e-01 3.817011043429374695e-02 2.491752952337265015e-01 5.996453857421875000e+01 -3.530703112483024597e-02 9.992492198944091797e-01 -1.595116965472698212e-02 -5.953554153442382812e+00 -2.495969980955123901e-01 6.638404913246631622e-03 9.683269858360290527e-01 1.041243972778320312e+02
9.670770168304443359e-01 3.012062050402164459e-02 2.526952028274536133e-01 6.030913925170898438e+01 -2.652166970074176788e-02 9.994925856590270996e-01 -1.763721928000450134e-02 -5.998250007629394531e+00 -2.530981898307800293e-01 1.035465020686388016e-02 9.673851132392883301e-01 1.053923034667968750e+02
9.674264192581176758e-01 3.108974918723106384e-02 2.512362003326416016e-01 6.064973068237304688e+01 -2.389677055180072784e-02 9.992138743400573730e-01 -3.163136914372444153e-02 -6.049017906188964844e+00 -2.520220875740051270e-01 2.459729090332984924e-02 9.674087762832641602e-01 1.066922988891601562e+02
9.685648083686828613e-01 3.339321166276931763e-02 2.465098947286605835e-01 6.099509811401367188e+01 -2.633526921272277832e-02 9.991449117660522461e-01 -3.187394887208938599e-02 -6.103150844573974609e+00 -2.473634034395217896e-01 2.438008040189743042e-02 9.686158895492553711e-01 1.080547027587890625e+02
9.696493744850158691e-01 2.911215089261531830e-02 2.427603006362915039e-01 6.135507965087890625e+01 -2.561797015368938446e-02 9.995179176330566406e-01 -1.753857918083667755e-02 -6.168814182281494141e+00 -2.431538999080657959e-01 1.078724022954702377e-02 9.699277281761169434e-01 1.094777984619140625e+02
9.702631831169128418e-01 3.845449164509773254e-02 2.389782965183258057e-01 6.169626998901367188e+01 -3.397645056247711182e-02 9.991617798805236816e-01 -2.283122017979621887e-02 -6.225331783294677734e+00 -2.396558970212936401e-01 1.403264980763196945e-02 9.707564115524291992e-01 1.109294967651367188e+02
9.721965789794921875e-01 3.867135941982269287e-02 2.309511005878448486e-01 6.205311965942382812e+01 -3.231966868042945862e-02 9.989897012710571289e-01 -3.122404031455516815e-02 -6.282018184661865234e+00 -2.319252043962478638e-01 2.289162948727607727e-02 9.724642038345336914e-01 1.124214019775390625e+02
9.741027951240539551e-01 3.235463052988052368e-02 2.237789928913116455e-01 6.241757965087890625e+01 -2.673172019422054291e-02 9.992473125457763672e-01 -2.811183035373687744e-02 -6.351408958435058594e+00 -2.245201021432876587e-01 2.140180952847003937e-02 9.742344021797180176e-01 1.139648971557617188e+02
9.749758839607238770e-01 2.776787057518959045e-02 2.205697000026702881e-01 6.278482818603515625e+01 -2.339025028049945831e-02 9.994745850563049316e-01 -2.243445068597793579e-02 -6.419328212738037109e+00 -2.210768014192581177e-01 1.671385951340198517e-02 9.751130938529968262e-01 1.155643005371093750e+02
9.753751754760742188e-01 2.305641956627368927e-02 2.193439006805419922e-01 6.315739059448242188e+01 -1.920218952000141144e-02 9.996216893196105957e-01 -1.968763023614883423e-02 -6.483942985534667969e+00 -2.197148054838180542e-01 1.499093975871801376e-02 9.754489064216613770e-01 1.171925964355468750e+02
9.748173952102661133e-01 3.407296910881996155e-02 2.203864008188247681e-01 6.351245880126953125e+01 -2.930179052054882050e-02 9.992607831954956055e-01 -2.488311007618904114e-02 -6.551031112670898438e+00 -2.210713028907775879e-01 1.779877021908760071e-02 9.750952124595642090e-01 1.188364028930664062e+02
9.734172224998474121e-01 4.884577170014381409e-02 2.237700968980789185e-01 6.387033081054687500e+01 -4.420332983136177063e-02 9.986916184425354004e-01 -2.571202069520950317e-02 -6.619742870330810547e+00 -2.247332036495208740e-01 1.513713970780372620e-02 9.743027091026306152e-01 1.205026016235351562e+02
9.719058275222778320e-01 5.218734964728355408e-02 2.295116931200027466e-01 6.425325012207031250e+01 -4.802516847848892212e-02 9.985651969909667969e-01 -2.368739992380142212e-02 -6.695256233215332031e+00 -2.304185926914215088e-01 1.199958007782697678e-02 9.730175733566284180e-01 1.221809005737304688e+02
9.716103076934814453e-01 4.466236010193824768e-02 2.323333024978637695e-01 6.465586090087890625e+01 -3.970178961753845215e-02 9.988735914230346680e-01 -2.598590031266212463e-02 -6.752867221832275391e+00 -2.332322001457214355e-01 1.602412015199661255e-02 9.722890257835388184e-01 1.238767013549804688e+02
9.715160131454467773e-01 3.673359006643295288e-02 2.341096997261047363e-01 6.506629180908203125e+01 -3.144821152091026306e-02 9.991599917411804199e-01 -2.627103030681610107e-02 -6.818192005157470703e+00 -2.348780930042266846e-01 1.816038973629474640e-02 9.718551039695739746e-01 1.255711975097656250e+02
