1.000000000000000000e+00 9.043683336928953764e-12 2.326809057928702629e-11 1.110223024625156540e-16 9.043683336928953764e-12 1.000000000000000000e+00 2.392369913284397853e-10 2.220446049250313081e-16 2.326809925290440617e-11 2.392369913284397853e-10 9.999998807907104492e-01 -2.220446049250313081e-16
9.960495233535766602e-01 -5.367949139326810837e-03 8.863831311464309692e-02 1.464632004499435425e-01 6.010224111378192902e-03 9.999575018882751465e-01 -6.980718113481998444e-03 -5.051622167229652405e-02 -8.859706670045852661e-02 7.485874928534030914e-03 9.960393905639648438e-01 1.995658993721008301e+00
9.836221933364868164e-01 -3.565066028386354446e-03 1.802071928977966309e-01 4.657503068447113037e-01 6.172883789986371994e-03 9.998841285705566406e-01 -1.391249988228082657e-02 -1.102927997708320618e-01 -1.801367998123168945e-01 1.479704026132822037e-02 9.835302233695983887e-01 3.963845014572143555e+00
9.624211788177490234e-01 -7.368625141680240631e-03 2.714613080024719238e-01 9.715688824653625488e-01 1.164015009999275208e-02 9.998323917388916016e-01 -1.412846986204385757e-02 -1.802237033843994141e-01 -2.713117003440856934e-01 1.675738953053951263e-02 9.623456001281738281e-01 5.887650966644287109e+00
9.336202144622802734e-01 -1.263856980949640274e-02 3.580414950847625732e-01 1.651330947875976562e+00 2.080461010336875916e-02 9.996036887168884277e-01 -1.896440982818603516e-02 -2.547290027141571045e-01 -3.576599061489105225e-01 2.515446022152900696e-02 9.335129857063293457e-01 7.743951797485351562e+00
8.965559005737304688e-01 -1.307765021920204163e-02 4.427376091480255127e-01 2.488684892654418945e+00 2.341789938509464264e-02 9.995654821395874023e-01 -1.789659075438976288e-02 -3.309237062931060791e-01 -4.423111975193023682e-01 2.641328051686286926e-02 8.964725136756896973e-01 9.527392387390136719e+00
8.503690958023071289e-01 -1.348161976784467697e-02 5.260139107704162598e-01 3.483067989349365234e+00 2.517722919583320618e-02 9.995691776275634766e-01 -1.508347969502210617e-02 -4.086031019687652588e-01 -5.255839228630065918e-01 2.607009932398796082e-02 8.503422141075134277e-01 1.121560001373291016e+01
7.970302104949951172e-01 -1.619333028793334961e-02 6.037223935127258301e-01 4.631439208984375000e+00 3.126104176044464111e-02 9.994065761566162109e-01 -1.446405984461307526e-02 -4.790227115154266357e-01 -6.031299233436584473e-01 3.040128014981746674e-02 7.970634102821350098e-01 1.279006004333496094e+01
7.374230027198791504e-01 -1.831696927547454834e-02 6.751828193664550781e-01 5.913461208343505859e+00 3.718619048595428467e-02 9.992170929908752441e-01 -1.350644975900650024e-02 -5.462713241577148438e-01 -6.744067072868347168e-01 3.506743162870407104e-02 7.375267744064331055e-01 1.423731040954589844e+01
6.706801056861877441e-01 -1.682163961231708527e-02 7.415559887886047363e-01 7.315982818603515625e+00 3.848398104310035706e-02 9.991853833198547363e-01 -1.214000955224037170e-02 -6.091555953025817871e-01 -7.407478094100952148e-01 3.668007999658584595e-02 6.707810759544372559e-01 1.555482959747314453e+01
5.983914732933044434e-01 -1.631633937358856201e-02 8.010377287864685059e-01 8.824947357177734375e+00 4.435617849230766296e-02 9.989339113235473633e-01 -1.278768014162778854e-02 -6.652783155441284180e-01 -7.999750971794128418e-01 4.318299144506454468e-02 5.984773039817810059e-01 1.672174072265625000e+01
5.217303037643432617e-01 -1.415458973497152328e-02 8.529930710792541504e-01 1.043572044372558594e+01 5.299064144492149353e-02 9.984692931175231934e-01 -1.584291085600852966e-02 -7.209802269935607910e-01 -8.514630794525146484e-01 5.346636101603507996e-02 5.216817259788513184e-01 1.773582077026367188e+01
4.437519907951354980e-01 -1.483490038663148880e-02 8.960269093513488770e-01 1.213844013214111328e+01 5.962891876697540283e-02 9.981359243392944336e-01 -1.300542987883090973e-02 -7.707228064537048340e-01 -8.941636085510253906e-01 5.920027941465377808e-02 4.438093900680541992e-01 1.860540962219238281e+01
3.705968856811523438e-01 -1.336461957544088364e-02 9.286977052688598633e-01 1.392282009124755859e+01 6.549873203039169312e-02 9.977831244468688965e-01 -1.177845988422632217e-02 -8.194983005523681641e-01 -9.264814257621765137e-01 6.519356369972229004e-02 3.706505894660949707e-01 1.933529090881347656e+01
3.032101094722747803e-01 -1.606371998786926270e-02 9.527884125709533691e-01 1.578818988800048828e+01 6.893783807754516602e-02 9.976078271865844727e-01 -5.119035951793193817e-03 -8.590109944343566895e-01 -9.504268169403076172e-01 6.723529845476150513e-02 3.035920858383178711e-01 1.994857978820800781e+01
2.373840957880020142e-01 -1.301040034741163254e-02 9.713287949562072754e-01 1.771096038818359375e+01 6.752450019121170044e-02 9.977126717567443848e-01 -3.138591069728136063e-03 -8.926427960395812988e-01 -9.690660834312438965e-01 6.633351743221282959e-02 2.377195954322814941e-01 2.044289970397949219e+01
1.748760044574737549e-01 -1.056613959372043610e-02 9.845337867736816406e-01 1.969165992736816406e+01 6.930053234100341797e-02 9.975944757461547852e-01 -1.603074022568762302e-03 -9.204751849174499512e-01 -9.821485280990600586e-01 6.850902736186981201e-02 1.751876026391983032e-01 2.081649017333984375e+01
1.132280007004737854e-01 -1.188899017870426178e-02 9.934979081153869629e-01 2.174156951904296875e+01 6.960631906986236572e-02 9.975665211677551270e-01 4.004714079201221466e-03 -9.423524737358093262e-01 -9.911277890205383301e-01 6.870026886463165283e-02 1.137799993157386780e-01 2.107449913024902344e+01
5.575868859887123108e-02 -1.119486987590789795e-02 9.983814954757690430e-01 2.385364913940429688e+01 7.276065647602081299e-02 9.973239898681640625e-01 7.119388785213232040e-03 -9.510470032691955566e-01 -9.957895278930664062e-01 7.224591076374053955e-02 5.642402172088623047e-02 2.121467971801757812e+01
7.200764026492834091e-03 -1.011088956147432327e-02 9.999229907989501953e-01 2.602347946166992188e+01 8.125250041484832764e-02 9.966483116149902344e-01 9.492646902799606323e-03 -9.509506225585937500e-01 -9.966675043106079102e-01 8.117786794900894165e-02 7.998164743185043335e-03 2.124027061462402344e+01
-3.162964060902595520e-02 -1.065186038613319397e-02 9.994428753852844238e-01 2.824249076843261719e+01 9.165357053279876709e-02 9.956992268562316895e-01 1.351253967732191086e-02 -9.456288218498229980e-01 -9.952884912490844727e-01 9.202989190816879272e-02 -3.051731921732425690e-02 2.116968917846679688e+01
-6.213432177901268005e-02 -1.086216978728771210e-02 9.980087280273437500e-01 3.050291061401367188e+01 9.737472981214523315e-02 9.951043725013732910e-01 1.689293980598449707e-02 -9.363594055175781250e-01 -9.933062791824340820e-01 9.823043644428253174e-02 -6.077243015170097351e-02 2.102960014343261719e+01
-8.805538713932037354e-02 -1.198809035122394562e-02 9.960435032844543457e-01 3.278681945800781250e+01 9.729036688804626465e-02 9.950432777404785156e-01 2.057701908051967621e-02 -9.216772913932800293e-01 -9.913529753684997559e-01 9.871733188629150391e-02 -8.645258843898773193e-02 2.083695983886718750e+01
-1.097967028617858887e-01 -5.360682029277086258e-03 9.939395785331726074e-01 3.511473083496093750e+01 9.798070788383483887e-02 9.950566291809082031e-01 1.619026064872741699e-02 -9.007201194763183594e-01 -9.891129136085510254e-01 9.916453063488006592e-02 -1.087286993861198425e-01 2.058532905578613281e+01
-1.270885020494461060e-01 -1.278670039027929306e-03 9.918906092643737793e-01 3.752679824829101562e+01 9.888956695795059204e-02 9.950006008148193359e-01 1.395315025001764297e-02 -8.781567811965942383e-01 -9.869495034217834473e-01 9.986089915037155151e-02 -1.263266056776046753e-01 2.027890014648437500e+01
-1.381590962409973145e-01 8.940047118812799454e-04 9.904096722602844238e-01 4.002402877807617188e+01 9.941083192825317383e-02 9.949619174003601074e-01 1.296938024461269379e-02 -8.564478754997253418e-01 -9.854083061218261719e-01 1.002492979168891907e-01 -1.375519037246704102e-01 1.993252944946289062e+01
-1.468252986669540405e-01 3.917606081813573837e-03 9.891546964645385742e-01 4.260678863525390625e+01 9.897322207689285278e-02 9.950320124626159668e-01 1.075020991265773773e-02 -8.375480175018310547e-01 -9.841983914375305176e-01 9.947820007801055908e-02 -1.464836001396179199e-01 1.955064964294433594e+01
-1.522299945354461670e-01 5.817954079248011112e-04 9.883450269699096680e-01 4.528136825561523438e+01 9.933371096849441528e-02 9.949454069137573242e-01 1.471420004963874817e-02 -8.187903165817260742e-01 -9.833406209945678711e-01 1.004159003496170044e-01 -1.515183001756668091e-01 1.913752937316894531e+01
-1.565154939889907837e-01 3.425744071137160063e-04 9.876754879951477051e-01 4.803559112548828125e+01 1.016061007976531982e-01 9.946998953819274902e-01 1.575634069740772247e-02 -7.907530069351196289e-01 -9.824352860450744629e-01 1.028198972344398499e-01 -1.557206958532333374e-01 1.869944000244140625e+01
-1.580661982297897339e-01 1.736307982355356216e-03 9.874269962310791016e-01 5.087125015258789062e+01 1.033930033445358276e-01 9.945303797721862793e-01 1.480222959071397781e-02 -7.612087726593017578e-01 -9.820004105567932129e-01 1.044327989220619202e-01 -1.573812067508697510e-01 1.823994064331054688e+01
-1.576226949691772461e-01 3.491308074444532394e-03 9.874932765960693359e-01 5.378414154052734375e+01 1.029739975929260254e-01 9.946001172065734863e-01 1.292015984654426575e-02 -7.385593056678771973e-01 -9.821158051490783691e-01 1.037226021289825439e-01 -1.571310013532638550e-01 1.776822090148925781e+01
-1.549452990293502808e-01 2.303011016920208931e-03 9.879204034805297852e-01 5.678689956665039062e+01 1.024081036448478699e-01 9.946475028991699219e-01 1.374297030270099640e-02 -7.193216085433959961e-01 -9.826009273529052734e-01 1.033004000782966614e-01 -1.543518006801605225e-01 1.728947067260742188e+01
-1.525997072458267212e-01 3.933833912014961243e-03 9.882802963256835938e-01 5.987004089355468750e+01 1.033113971352577209e-01 9.945766925811767578e-01 1.199334021657705307e-02 -6.982293725013732910e-01 -9.828733205795288086e-01 1.039308011531829834e-01 -1.521784961223602295e-01 1.680554962158203125e+01
-1.505876034498214722e-01 4.530983977019786835e-03 9.885863065719604492e-01 6.304563903808593750e+01 1.038798019289970398e-01 9.945260286331176758e-01 1.126539986580610275e-02 -6.822339892387390137e-01 -9.831237196922302246e-01 1.043905988335609436e-01 -1.502338945865631104e-01 1.631483078002929688e+01
-1.489502042531967163e-01 1.053387997671961784e-03 9.888442158699035645e-01 6.629273223876953125e+01 1.069189980626106262e-01 9.941539168357849121e-01 1.504622958600521088e-02 -6.659319996833801270e-01 -9.830473065376281738e-01 1.079673990607261658e-01 -1.481920927762985229e-01 1.581429004669189453e+01
-1.471094042062759399e-01 3.907489124685525894e-03 9.891124963760375977e-01 6.959146118164062500e+01 1.108430996537208557e-01 9.937584996223449707e-01 1.255969982594251633e-02 -6.495478749275207520e-01 -9.828898906707763672e-01 1.114839985966682434e-01 -1.466242969036102295e-01 1.531064987182617188e+01
-1.462603956460952759e-01 3.233249997720122337e-03 9.892408847808837891e-01 7.294956970214843750e+01 1.105104982852935791e-01 9.937887191772460938e-01 1.309098955243825912e-02 -6.411508917808532715e-01 -9.830539822578430176e-01 1.112361997365951538e-01 -1.457092016935348511e-01 1.480708026885986328e+01
-1.456357985734939575e-01 1.966691110283136368e-03 9.893363118171691895e-01 7.637583160400390625e+01 1.116861999034881592e-01 9.936382174491882324e-01 1.446557044982910156e-02 -6.266393065452575684e-01 -9.830139279365539551e-01 1.126018986105918884e-01 -1.449289023876190186e-01 1.429582977294921875e+01
-1.456042975187301636e-01 3.177491948008537292e-03 9.893378019332885742e-01 7.986416625976562500e+01 1.128565967082977295e-01 9.935206770896911621e-01 1.341855991631746292e-02 -6.121848821640014648e-01 -9.828848838806152344e-01 1.136071011424064636e-01 -1.450193971395492554e-01 1.377610969543457031e+01
-1.470603942871093750e-01 4.142621997743844986e-03 9.891188740730285645e-01 8.340315246582031250e+01 1.112117022275924683e-01 9.937196969985961914e-01 1.237285044044256210e-02 -6.037449240684509277e-01 -9.828556180000305176e-01 1.118211001157760620e-01 -1.465975046157836914e-01 1.324930000305175781e+01
-1.492422968149185181e-01 4.338053055107593536e-03 9.887912273406982422e-01 8.700537872314453125e+01 1.094670966267585754e-01 9.939159750938415527e-01 1.216176990419626236e-02 -5.994815826416015625e-01 -9.827225804328918457e-01 1.100550964474678040e-01 -1.488091051578521729e-01 1.270711040496826172e+01
-1.506723016500473022e-01 2.811837941408157349e-03 9.885798096656799316e-01 9.066661071777343750e+01 1.070118024945259094e-01 9.941663146018981934e-01 1.348224002867937088e-02 -5.892578959465026855e-01 -9.827747941017150879e-01 1.078210994601249695e-01 -1.500941962003707886e-01 1.214861011505126953e+01
-1.546860039234161377e-01 5.230308976024389267e-03 9.879499077796936035e-01 9.438417053222656250e+01 1.057142019271850586e-01 9.943324923515319824e-01 1.128785032778978348e-02 -5.761579871177673340e-01 -9.822915196418762207e-01 1.061863973736763000e-01 -1.543622016906738281e-01 1.156935024261474609e+01
-1.632048934698104858e-01 4.743000026792287827e-03 9.865807890892028809e-01 9.815386962890625000e+01 1.041819006204605103e-01 9.944803118705749512e-01 1.245328038930892944e-02 -5.670654177665710449e-01 -9.810760021209716797e-01 1.048163026571273804e-01 -1.627981960773468018e-01 1.095901012420654297e+01
-1.727782040834426880e-01 4.875199869275093079e-03 9.849486947059631348e-01 1.019552993774414062e+02 1.009595990180969238e-01 9.948083162307739258e-01 1.278617978096008301e-02 -5.641477108001708984e-01 -9.797728061676025391e-01 1.016492024064064026e-01 -1.723733991384506226e-01 1.030990982055664062e+01
-1.820545941591262817e-01 7.979443296790122986e-03 9.832561016082763672e-01 1.057910003662109375e+02 1.011783033609390259e-01 9.948111772537231445e-01 1.066042017191648483e-02 -5.643553137779235840e-01 -9.780690073966979980e-01 1.014249026775360107e-01 -1.819172948598861694e-01 9.611618041992187500e+00
-1.918873041868209839e-01 7.633131928741931915e-03 9.813873171806335449e-01 1.096682968139648438e+02 9.794174134731292725e-02 9.951267242431640625e-01 1.141021028161048889e-02 -5.717942118644714355e-01 -9.765176177024841309e-01 9.830822795629501343e-02 -1.916996985673904419e-01 8.871584892272949219e+00
-2.028928995132446289e-01 6.576711777597665787e-03 9.791789054870605469e-01 1.135814971923828125e+02 9.508164972066879272e-02 9.953843951225280762e-01 1.301604043692350388e-02 -5.728042721748352051e-01 -9.745736718177795410e-01 9.574279189109802246e-02 -2.025817036628723145e-01 8.086920738220214844e+00
-2.138449996709823608e-01 7.858297787606716156e-03 9.768360257148742676e-01 1.175182037353515625e+02 9.558615833520889282e-02 9.953373074531555176e-01 1.291820034384727478e-02 -5.680583715438842773e-01 -9.721797704696655273e-01 9.613446891307830811e-02 -2.135991007089614868e-01 7.246929168701171875e+00
-2.254575937986373901e-01 8.853206411004066467e-03 9.742128252983093262e-01 1.214860992431640625e+02 9.566882252693176270e-02 9.953271150588989258e-01 1.309510972350835800e-02 -5.645651817321777344e-01 -9.695444107055664062e-01 9.615416079759597778e-02 -2.252510040998458862e-01 6.351223945617675781e+00
-2.362091988325119019e-01 9.550857357680797577e-03 9.716553092002868652e-01 1.254794006347656250e+02 9.420289099216461182e-02 9.954665899276733398e-01 1.311578974127769470e-02 -5.607337951660156250e-01 -9.671251177787780762e-01 9.463079273700714111e-02 -2.360381036996841431e-01 5.403529167175292969e+00
-2.458159029483795166e-01 9.821942076086997986e-03 9.692667722702026367e-01 1.295003967285156250e+02 9.457506239414215088e-02 9.954206943511962891e-01 1.389821991324424744e-02 -5.556138753890991211e-01 -9.646916985511779785e-01 9.508485347032546997e-02 -2.456191033124923706e-01 4.402278900146484375e+00
-2.532928884029388428e-01 9.879225865006446838e-03 9.673392176628112793e-01 1.335485992431640625e+02 9.768544137477874756e-02 9.950978755950927734e-01 1.541571971029043198e-02 -5.427541732788085938e-01 -9.624449014663696289e-01 9.839963167905807495e-02 -2.530162930488586426e-01 3.348157882690429688e+00
-2.597613930702209473e-01 1.013191044330596924e-02 9.656196832656860352e-01 1.376250000000000000e+02 9.708426147699356079e-02 9.951527118682861328e-01 1.567484997212886810e-02 -5.295972824096679688e-01 -9.607802033424377441e-01 9.781817346811294556e-02 -2.594859004020690918e-01 2.257988929748535156e+00
-2.681713998317718506e-01 1.125920005142688751e-02 9.633054733276367188e-01 1.417303924560546875e+02 9.446872025728225708e-02 9.954198002815246582e-01 1.466426998376846313e-02 -5.179992914199829102e-01 -9.587281942367553711e-01 9.493474662303924561e-02 -2.680067121982574463e-01 1.132151961326599121e+00
-2.772301137447357178e-01 1.132109016180038452e-02 9.607368707656860352e-01 1.458618011474609375e+02 9.373713284730911255e-02 9.954791069030761719e-01 1.531828008592128754e-02 -5.061993002891540527e-01 -9.562199711799621582e-01 9.430339187383651733e-02 -2.770378887653350830e-01 -4.137210175395011902e-02
-2.862851917743682861e-01 1.239653024822473526e-02 9.580643177032470703e-01 1.500068054199218750e+02 9.286516159772872925e-02 9.955676794052124023e-01 1.486781984567642212e-02 -4.959689080715179443e-01 -9.536334872245788574e-01 9.322720766067504883e-02 -2.861674129962921143e-01 -1.261108040809631348e+00
-2.947360873222351074e-01 1.147144008427858353e-02 9.555099010467529297e-01 1.541811981201171875e+02 9.310740977525711060e-02 9.955148100852966309e-01 1.676812954246997833e-02 -4.829921126365661621e-01 -9.510318040847778320e-01 9.390719980001449585e-02 -2.944822013378143311e-01 -2.533181905746459961e+00
-3.022572994232177734e-01 1.327702030539512634e-02 9.531338810920715332e-01 1.583733978271484375e+02 9.424427151679992676e-02 9.954202175140380859e-01 1.602062955498695374e-02 -4.676840007305145264e-01 -9.485560059547424316e-01 9.466973692178726196e-02 -3.021242916584014893e-01 -3.851461887359619141e+00
-3.092558085918426514e-01 1.602772064507007599e-02 9.508438110351562500e-01 1.625874938964843750e+02 9.539849311113357544e-02 9.953371286392211914e-01 1.425001025199890137e-02 -4.555310904979705811e-01 -9.461817741394042969e-01 9.511593729257583618e-02 -3.093428015708923340e-01 -5.211974143981933594e+00
-3.161338865756988525e-01 1.703662052750587463e-02 9.485616087913513184e-01 1.668256988525390625e+02 9.503047168254852295e-02 9.953787922859191895e-01 1.379400026053190231e-02 -4.495306909084320068e-01 -9.439430236816406250e-01 9.450299292802810669e-02 -3.162919878959655762e-01 -6.614700794219970703e+00
-3.239252865314483643e-01 1.718208007514476776e-02 9.459266066551208496e-01 1.710870971679687500e+02 9.640570729970932007e-02 9.952300190925598145e-01 1.493574958294630051e-02 -4.416744112968444824e-01 -9.411578774452209473e-01 9.603077918291091919e-02 -3.240365982055664062e-01 -8.063072204589843750e+00
-3.298960924148559570e-01 1.768239960074424744e-02 9.438517093658447266e-01 1.753665008544921875e+02 9.945701807737350464e-02 9.949111938476562500e-01 1.612335070967674255e-02 -4.294089078903198242e-01 -9.387633800506591797e-01 9.919168800115585327e-02 -3.299759030342102051e-01 -9.557828903198242188e+00
-3.353595137596130371e-01 1.698544062674045563e-02 9.419370889663696289e-01 1.796714019775390625e+02 9.814417362213134766e-02 9.950270056724548340e-01 1.699965074658393860e-02 -4.118277132511138916e-01 -9.369640946388244629e-01 9.814660996198654175e-02 -3.353587985038757324e-01 -1.108559989929199219e+01
-3.416162133216857910e-01 2.028946951031684875e-02 9.396206140518188477e-01 1.839969024658203125e+02 9.708227217197418213e-02 9.951806068420410156e-01 1.380681991577148438e-02 -3.985801935195922852e-01 -9.348118901252746582e-01 9.593711048364639282e-02 -3.419395089149475098e-01 -1.264986038208007812e+01
-3.481357097625732422e-01 2.308833040297031403e-02 9.371597766876220703e-01 1.883439941406250000e+02 9.427364915609359741e-02 9.954910278320312500e-01 1.049531996250152588e-02 -4.000549018383026123e-01 -9.326918125152587891e-01 9.200324863195419312e-02 -3.487425148487091064e-01 -1.425545024871826172e+01
-3.555046916007995605e-01 2.192989923059940338e-02 9.344171881675720215e-01 1.927086944580078125e+02 9.415616840124130249e-02 9.954795241355895996e-01 1.245930977165699005e-02 -4.038654863834381104e-01 -9.299197793006896973e-01 9.241046756505966187e-02 -3.559625148773193359e-01 -1.590878963470458984e+01
-3.631389141082763672e-01 2.128418907523155212e-02 9.314919114112854004e-01 1.970930023193359375e+02 9.410306066274642944e-02 9.954648017883300781e-01 1.393979042768478394e-02 -4.021162092685699463e-01 -9.269707202911376953e-01 9.271828830242156982e-02 -3.634949028491973877e-01 -1.760737991333007812e+01
-3.703489899635314941e-01 2.201051078736782074e-02 9.286319017410278320e-01 2.014803924560546875e+02 9.212318807840347290e-02 9.956609010696411133e-01 1.314053032547235489e-02 -4.011965095996856689e-01 -9.243131875991821289e-01 9.041509777307510376e-02 -3.707697093486785889e-01 -1.934449005126953125e+01
-3.763962090015411377e-01 2.270051091909408569e-02 9.261807203292846680e-01 2.058769989013671875e+02 9.308604896068572998e-02 9.955675005912780762e-01 1.342863030731678009e-02 -4.061954915523529053e-01 -9.217705130577087402e-01 9.126895666122436523e-02 -3.768408894538879395e-01 -2.112722969055175781e+01
-3.816064000129699707e-01 2.250175923109054565e-02 9.240509867668151855e-01 2.102745971679687500e+02 9.526666253805160522e-02 9.953371882438659668e-01 1.510471012443304062e-02 -4.072563052177429199e-01 -9.194024205207824707e-01 9.379529207944869995e-02 -3.819707036018371582e-01 -2.295396041870117188e+01
-3.866127133369445801e-01 2.432738989591598511e-02 9.219213128089904785e-01 2.146696929931640625e+02 9.675317257642745972e-02 9.952055215835571289e-01 1.431277021765708923e-02 -4.036943912506103516e-01 -9.171528816223144531e-01 9.473227709531784058e-02 -3.871127963066101074e-01 -2.480688095092773438e+01
-3.920958042144775391e-01 2.535895071923732758e-02 9.195747971534729004e-01 2.190854034423828125e+02 9.548805654048919678e-02 9.953420758247375488e-01 1.326659042388200760e-02 -4.089666008949279785e-01 -9.149550795555114746e-01 9.301017224788665771e-02 -3.926908969879150391e-01 -2.669512939453125000e+01
-3.974300026893615723e-01 2.654919959604740143e-02 9.172484278678894043e-01 2.234747924804687500e+02 9.359537065029144287e-02 9.955410957336425781e-01 1.173811964690685272e-02 -4.227877855300903320e-01 -9.128468036651611328e-01 9.051527082920074463e-02 -3.981426954269409180e-01 -2.859889984130859375e+01
-4.029065966606140137e-01 2.696928940713405609e-02 9.148436784744262695e-01 2.278686065673828125e+02 9.567666798830032349e-02 9.953302145004272461e-01 1.279496960341930389e-02 -4.418329000473022461e-01 -9.102265238761901855e-01 9.268435090780258179e-02 -4.036054015159606934e-01 -3.054211044311523438e+01
-4.086397886276245117e-01 2.546329051256179810e-02 9.123405218124389648e-01 2.322584075927734375e+02 9.487380832433700562e-02 9.953805208206176758e-01 1.471329014748334885e-02 -4.502007961273193359e-01 -9.077513217926025391e-01 9.256962686777114868e-02 -4.091677963733673096e-01 -3.251137161254882812e+01
-4.150772094726562500e-01 2.524700015783309937e-02 9.094358086585998535e-01 2.366401977539062500e+02 9.211868792772293091e-02 9.956437945365905762e-01 1.440382003784179688e-02 -4.545615017414093018e-01 -9.051104784011840820e-01 8.975472301244735718e-02 -4.155947864055633545e-01 -3.450712966918945312e+01
-4.220820963382720947e-01 2.436985075473785400e-02 9.062299728393554688e-01 2.410097961425781250e+02 9.041716903448104858e-02 9.957858920097351074e-01 1.533418986946344376e-02 -4.583595097064971924e-01 -9.020373821258544922e-01 8.841101825237274170e-02 -4.225068092346191406e-01 -3.653355026245117188e+01
-4.295873045921325684e-01 2.463814988732337952e-02 9.026892185211181641e-01 2.453571014404296875e+02 8.910320699214935303e-02 9.959061145782470703e-01 1.522153988480567932e-02 -4.618583917617797852e-01 -8.986185789108276367e-01 8.697146922349929810e-02 -4.300239086151123047e-01 -3.859114074707031250e+01
-4.375346004962921143e-01 2.399626001715660095e-02 8.988813757896423340e-01 2.496838989257812500e+02 8.785629272460937500e-02 9.960017800331115723e-01 1.617548987269401550e-02 -4.614459872245788574e-01 -8.948993086814880371e-01 8.604969829320907593e-02 -4.378935098648071289e-01 -4.068363952636718750e+01
-4.446550905704498291e-01 2.500280924141407013e-02 8.953529000282287598e-01 2.539895935058593750e+02 8.810196816921234131e-02 9.959838986396789551e-01 1.594074070453643799e-02 -4.623208045959472656e-01 -8.913583755493164062e-01 8.597046881914138794e-02 -4.450721144676208496e-01 -4.281370925903320312e+01
-4.519337117671966553e-01 2.507049962878227234e-02 8.916991949081420898e-01 2.582951049804687500e+02 8.700531721115112305e-02 9.960778951644897461e-01 1.609113067388534546e-02 -4.566040933132171631e-01 -8.877984285354614258e-01 8.485467731952667236e-02 -4.523423910140991211e-01 -4.497777175903320312e+01
-4.588898122310638428e-01 2.701655030250549316e-02 8.880823850631713867e-01 2.625924987792968750e+02 8.903314173221588135e-02 9.959048032760620117e-01 1.570853032171726227e-02 -4.468930959701538086e-01 -8.840209841728210449e-01 8.627723157405853271e-02 -4.594159126281738281e-01 -4.718397903442382812e+01
-4.649722874164581299e-01 2.982925996184349060e-02 8.848226070404052734e-01 2.668919982910156250e+02 9.212183952331542969e-02 9.956371188163757324e-01 1.484476029872894287e-02 -4.426920115947723389e-01 -8.805192708969116211e-01 8.841387182474136353e-02 -4.656915068626403809e-01 -4.943452072143554688e+01
-4.704908132553100586e-01 3.425763919949531555e-02 8.817396759986877441e-01 2.711744079589843750e+02 9.593141078948974609e-02 9.953091740608215332e-01 1.251829974353313446e-02 -4.357940852642059326e-01 -8.771746754646301270e-01 9.047625213861465454e-02 -4.715701937675476074e-01 -5.172040939331054688e+01
-4.764989018440246582e-01 3.618637844920158386e-02 8.784301280975341797e-01 2.754869995117187500e+02 9.750256687402725220e-02 9.951642155647277832e-01 1.189447008073329926e-02 -4.244062900543212891e-01 -8.737516999244689941e-01 9.131687134504318237e-02 -4.777227938175201416e-01 -5.406211853027343750e+01
-4.830450117588043213e-01 3.738275170326232910e-02 8.747972249984741211e-01 2.798273010253906250e+02 9.727559983730316162e-02 9.951946139335632324e-01 1.118586957454681396e-02 -4.128268063068389893e-01 -8.701751828193664551e-01 9.049967676401138306e-02 -4.843601882457733154e-01 -5.645513916015625000e+01
-4.891484975814819336e-01 3.754739090800285339e-02 8.713920116424560547e-01 2.841885070800781250e+02 9.474989026784896851e-02 9.954478740692138672e-01 1.029419992119073868e-02 -4.095588922500610352e-01 -8.670387268066406250e-01 8.759967237710952759e-02 -4.904794096946716309e-01 -5.889250946044921875e+01
-4.938980042934417725e-01 3.783480823040008545e-02 8.686963915824890137e-01 2.885701904296875000e+02 9.748770296573638916e-02 9.951633214950561523e-01 1.208379957824945450e-02 -4.045487940311431885e-01 -8.640375137329101562e-01 9.065534919500350952e-02 -4.951975941658020020e-01 -6.138494873046875000e+01
-4.981566965579986572e-01 3.777312114834785461e-02 8.662639260292053223e-01 2.929826965332031250e+02 9.815975278615951538e-02 9.950850009918212891e-01 1.305774040520191193e-02 -3.908821940422058105e-01 -8.615130186080932617e-01 9.153702855110168457e-02 -4.994159936904907227e-01 -6.392340850830078125e+01
-5.030179023742675781e-01 3.703289106488227844e-02 8.634822964668273926e-01 2.974212036132812500e+02 9.842722862958908081e-02 9.950361847877502441e-01 1.466338988393545151e-02 -3.713999092578887939e-01 -8.586531281471252441e-01 9.236609935760498047e-02 -5.041660070419311523e-01 -6.650521087646484375e+01
-5.071269273757934570e-01 3.780851885676383972e-02 8.610417246818542480e-01 3.018763122558593750e+02 9.853900969028472900e-02 9.950298070907592773e-01 1.434445008635520935e-02 -3.470056056976318359e-01 -8.562198281288146973e-01 9.212063252925872803e-02 -5.083320140838623047e-01 -6.912560272216796875e+01
-5.126684904098510742e-01 3.931279852986335754e-02 8.576862215995788574e-01 3.063593139648437500e+02 9.633205831050872803e-02 9.952774047851562500e-01 1.196155045181512833e-02 -3.307951986789703369e-01 -8.531653881072998047e-01 8.875496685504913330e-02 -5.140343904495239258e-01 -7.179167938232421875e+01
-5.220571160316467285e-01 3.451450914144515991e-02 8.522120118141174316e-01 3.108713989257812500e+02 9.114757925271987915e-02 9.957165718078613281e-01 1.550970971584320068e-02 -3.126190900802612305e-01 -8.480262160301208496e-01 8.577398955821990967e-02 -5.229668021202087402e-01 -7.451245117187500000e+01
-5.311682224273681641e-01 3.348927944898605347e-02 8.466042876243591309e-01 3.153851928710937500e+02 9.017544239759445190e-02 9.957776069641113281e-01 1.718682982027530670e-02 -2.796424031257629395e-01 -8.424540162086486816e-01 8.547198772430419922e-02 -5.319452881813049316e-01 -7.730725097656250000e+01
-5.390291810035705566e-01 3.588530048727989197e-02 8.415222764015197754e-01 3.198953857421875000e+02 9.381169825792312622e-02 9.954336285591125488e-01 1.764160022139549255e-02 -2.381553947925567627e-01 -8.370465040206909180e-01 8.845394849777221680e-02 -5.399342179298400879e-01 -8.017270660400390625e+01
-5.466163754463195801e-01 3.426156938076019287e-02 8.366820216178894043e-01 3.244119873046875000e+02 9.455333650112152100e-02 9.952979087829589844e-01 2.101626060903072357e-02 -2.016824930906295776e-01 -8.320276737213134766e-01 9.059888124465942383e-02 -5.472856163978576660e-01 -8.310009002685546875e+01
-5.542889237403869629e-01 3.278443962335586548e-02 8.316783905029296875e-01 3.289054870605468750e+02 9.233886003494262695e-02 9.954779148101806641e-01 2.229974046349525452e-02 -1.608324050903320312e-01 -8.271864056587219238e-01 8.915671706199645996e-02 -5.548095703125000000e-01 -8.606826019287109375e+01
-5.624024271965026855e-01 3.172656893730163574e-02 8.262547850608825684e-01 3.333840026855468750e+02 9.317394345998764038e-02 9.953308105468750000e-01 2.520143054425716400e-02 -1.125608012080192566e-01 -8.215972781181335449e-01 9.115874767303466797e-02 -5.627325177192687988e-01 -8.908674621582031250e+01
-5.699347257614135742e-01 3.105914033949375153e-02 8.211027979850769043e-01 3.378388977050781250e+02 9.197118133306503296e-02 9.954172968864440918e-01 2.618521079421043396e-02 -5.242767930030822754e-02 -8.165265917778015137e-01 9.044162929058074951e-02 -5.701792836189270020e-01 -9.215154266357421875e+01
-5.764347910881042480e-01 2.883221022784709930e-02 8.166344165802001953e-01 3.422752075195312500e+02 9.162022173404693604e-02 9.953560829162597656e-01 2.952943928539752960e-02 2.333861961960792542e-02 -8.119904994964599609e-01 9.184198826551437378e-02 -5.763993859291076660e-01 -9.526502227783203125e+01
-5.821726918220520020e-01 2.738546952605247498e-02 8.126038908958435059e-01 3.467009887695312500e+02 8.552969247102737427e-02 9.959502220153808594e-01 2.771149016916751862e-02 1.024765968322753906e-01 -8.085539937019348145e-01 8.563461154699325562e-02 -5.821571946144104004e-01 -9.841194915771484375e+01
-5.884897112846374512e-01 2.360915020108222961e-02 8.081600069999694824e-01 3.511094055175781250e+02 7.975283265113830566e-02 9.963936805725097656e-01 2.896665968000888824e-02 1.754218041896820068e-01 -8.045616149902343750e-01 8.149960637092590332e-02 -5.882502198219299316e-01 -1.015908966064453125e+02
-5.945947170257568359e-01 2.268037013709545135e-02 8.037056922912597656e-01 3.554996032714843750e+02 7.939343899488449097e-02 9.963729977607727051e-01 3.061917051672935486e-02 2.539708018302917480e-01 -8.000960946083068848e-01 8.201493322849273682e-02 -5.942386984825134277e-01 -1.048170013427734375e+02
-6.007205247879028320e-01 1.876715943217277527e-02 7.992389202117919922e-01 3.598670043945312500e+02 7.511390745639801025e-02 9.966269135475158691e-01 3.305469080805778503e-02 3.297902941703796387e-01 -7.959225773811340332e-01 7.989057153463363647e-02 -6.001039147377014160e-01 -1.080781021118164062e+02
-6.068475246429443359e-01 1.634158939123153687e-02 7.946503162384033203e-01 3.642051086425781250e+02 7.194258272647857666e-02 9.968138933181762695e-01 3.444110974669456482e-02 4.335939884185791016e-01 -7.915555834770202637e-01 7.806967198848724365e-02 -6.060897111892700195e-01 -1.113630981445312500e+02
-6.122074723243713379e-01 1.580856926739215851e-02 7.905392050743103027e-01 3.685148010253906250e+02 7.108643651008605957e-02 9.968518018722534180e-01 3.511634096503257751e-02 5.357534289360046387e-01 -7.874951958656311035e-01 7.769507914781570435e-02 -6.114038825035095215e-01 -1.146817016601562500e+02
-6.177963018417358398e-01 1.359791960567235947e-02 7.862206101417541504e-01 3.727925109863281250e+02 6.786551326513290405e-02 9.970417022705078125e-01 3.608321025967597961e-02 6.347512006759643555e-01 -7.834041118621826172e-01 7.564932107925415039e-02 -6.168915033340454102e-01 -1.180261993408203125e+02
-6.239941120147705078e-01 1.192773040384054184e-02 7.813380956649780273e-01 3.770444030761718750e+02 4.951205104589462280e-02 9.984778761863708496e-01 2.429888956248760223e-02 7.141844034194946289e-01 -7.798588871955871582e-01 5.384799838066101074e-02 -6.236348152160644531e-01 -1.213732986450195312e+02
-6.274762749671936035e-01 2.388148009777069092e-02 7.782692909240722656e-01 3.812460021972656250e+02 6.664288789033889771e-02 9.975088834762573242e-01 2.312159910798072815e-02 7.514498829841613770e-01 -7.757784128189086914e-01 6.637436151504516602e-02 -6.275047063827514648e-01 -1.247861022949218750e+02
-6.322786808013916016e-01 3.794990014284849167e-03 7.747318148612976074e-01 3.854624938964843750e+02 6.029881909489631653e-02 9.971956014633178711e-01 4.432671144604682922e-02 8.581188917160034180e-01 -7.723909020423889160e-01 7.474222779273986816e-02 -6.307343840599060059e-01 -1.282062072753906250e+02
-6.382771730422973633e-01 -2.563005080446600914e-03 7.698023915290832520e-01 3.896488952636718750e+02 5.281065031886100769e-02 9.974926710128784180e-01 4.710870981216430664e-02 1.015439987182617188e+00 -7.679929733276367188e-01 7.072216272354125977e-02 -6.365414857864379883e-01 -1.316273040771484375e+02
-6.427140831947326660e-01 9.281152859330177307e-03 7.660499811172485352e-01 3.937799987792968750e+02 6.314893811941146851e-02 9.971656203269958496e-01 4.090053960680961609e-02 1.154912948608398438e+00 -7.634990811347961426e-01 7.466258108615875244e-02 -6.414784789085388184e-01 -1.350830993652343750e+02
-6.480119824409484863e-01 1.202720031142234802e-02 7.615352272987365723e-01 3.978934020996093750e+02 6.400802731513977051e-02 9.971979856491088867e-01 3.871713951230049133e-02 1.272858023643493652e+00 -7.589356899261474609e-01 7.383351773023605347e-02 -6.469660997390747070e-01 -1.385702056884765625e+02
-6.532310843467712402e-01 1.121137011796236038e-02 7.570756077766418457e-01 4.019775085449218750e+02 6.522569060325622559e-02 9.970065951347351074e-01 4.151451960206031799e-02 1.399860978126525879e+00 -7.543439269065856934e-01 7.649932801723480225e-02 -6.520069837570190430e-01 -1.420688018798828125e+02
-6.564592123031616211e-01 1.172668021172285080e-02 7.542704939842224121e-01 4.060396118164062500e+02 6.614536046981811523e-02 9.969227910041809082e-01 4.206861928105354309e-02 1.530570030212402344e+00 -7.514560222625732422e-01 7.750780880451202393e-02 -6.552147269248962402e-01 -1.456094055175781250e+02
-6.587023138999938965e-01 1.203486975282430649e-02 7.523074746131896973e-01 4.100864868164062500e+02 6.824368238449096680e-02 9.967064261436462402e-01 4.380790889263153076e-02 1.665192008018493652e+00 -7.493023872375488281e-01 8.019658178091049194e-02 -6.573539972305297852e-01 -1.491652984619140625e+02
-6.608927845954895020e-01 1.078191027045249939e-02 7.504029273986816406e-01 4.141199035644531250e+02 7.151847332715988159e-02 9.962509870529174805e-01 4.867324978113174438e-02 1.820765972137451172e+00 -7.470648288726806641e-01 8.583544939756393433e-02 -6.591861844062805176e-01 -1.527256011962890625e+02
-6.634470224380493164e-01 1.166464015841484070e-02 7.481324076652526855e-01 4.181369018554687500e+02 6.703204661607742310e-02 9.967843890190124512e-01 4.390275105834007263e-02 1.980352044105529785e+00 -7.452145814895629883e-01 7.927598059177398682e-02 -6.620954871177673340e-01 -1.562857971191406250e+02
-6.658021807670593262e-01 1.000833045691251755e-02 7.460613250732421875e-01 4.221412963867187500e+02 6.306201219558715820e-02 9.970870018005371094e-01 4.290216043591499329e-02 2.117805004119873047e+00 -7.434586286544799805e-01 7.561244815587997437e-02 -6.644937992095947266e-01 -1.598578948974609375e+02
-6.676012873649597168e-01 8.285426534712314606e-03 7.444729208946228027e-01 4.261357116699218750e+02 5.852153897285461426e-02 9.974281787872314453e-01 4.137817025184631348e-02 2.256082057952880859e+00 -7.422153949737548828e-01 7.119181007146835327e-02 -6.663691997528076172e-01 -1.634423065185546875e+02
-6.688989996910095215e-01 5.516572855412960052e-03 7.433329224586486816e-01 4.301109008789062500e+02 5.777250975370407104e-02 9.973335862159729004e-01 4.458580911159515381e-02 2.396912097930908203e+00 -7.411049008369445801e-01 7.276759296655654907e-02 -6.674340963363647461e-01 -1.670319976806640625e+02
-6.679607033729553223e-01 3.317930968478322029e-03 7.441892027854919434e-01 4.340721130371093750e+02 6.413588672876358032e-02 9.965261816978454590e-01 5.312338098883628845e-02 2.549278974533081055e+00 -7.414277195930480957e-01 8.321353793144226074e-02 -6.658530831336975098e-01 -1.706280059814453125e+02
-6.646993160247802734e-01 4.525679978542029858e-04 7.471109032630920410e-01 4.380419921875000000e+02 6.387629359960556030e-02 9.963725805282592773e-01 5.622671172022819519e-02 2.755614995956420898e+00 -7.443754076957702637e-01 8.509650826454162598e-02 -6.623169779777526855e-01 -1.742028961181640625e+02
-6.623343229293823242e-01 -1.685100025497376919e-03 7.492066025733947754e-01 4.420339050292968750e+02 5.114571005105972290e-02 9.975628852844238281e-01 4.745893180370330811e-02 2.921911001205444336e+00 -7.474606037139892578e-01 6.975235790014266968e-02 -6.606339216232299805e-01 -1.777474975585937500e+02
-6.571388244628906250e-01 -2.384719904512166977e-03 7.537658214569091797e-01 4.460459899902343750e+02 5.118086934089660645e-02 9.975460171699523926e-01 4.777583852410316467e-02 3.098726034164428711e+00 -7.520300149917602539e-01 6.997373700141906738e-02 -6.554040908813476562e-01 -1.812884063720703125e+02
-6.518126726150512695e-01 -7.487278780899941921e-04 7.583796977996826172e-01 4.500639953613281250e+02 5.035347864031791687e-02 9.977501034736633301e-01 4.426287859678268433e-02 3.278014898300170898e+00 -7.567064762115478516e-01 6.703814119100570679e-02 -6.503083705902099609e-01 -1.847915954589843750e+02
-6.493818759918212891e-01 -1.250005979090929031e-02 7.603597044944763184e-01 4.541250915527343750e+02 3.451564162969589233e-02 9.983500242233276367e-01 4.589046165347099304e-02 3.436997890472412109e+00 -7.596787214279174805e-01 5.604473128914833069e-02 -6.478790044784545898e-01 -1.882651977539062500e+02
-6.482235789299011230e-01 -1.648421958088874817e-02 7.612715959548950195e-01 4.581872863769531250e+02 2.535380050539970398e-02 9.987440109252929688e-01 4.321511834859848022e-02 3.593513965606689453e+00 -7.610278129577636719e-01 4.731417819857597351e-02 -6.469914913177490234e-01 -1.917203063964843750e+02
-6.457729935646057129e-01 -1.750312000513076782e-02 7.633289098739624023e-01 4.622461853027343750e+02 2.915962040424346924e-02 9.984424710273742676e-01 4.756316915154457092e-02 3.750848054885864258e+00 -7.629724144935607910e-01 5.297337844967842102e-02 -6.442567706108093262e-01 -1.951829986572265625e+02
-6.434782147407531738e-01 -2.002168074250221252e-02 7.652025818824768066e-01 4.663135070800781250e+02 2.551057934761047363e-02 9.985415935516357422e-01 4.757953062653541565e-02 3.921998977661132812e+00 -7.650392055511474609e-01 5.013713985681533813e-02 -6.420289278030395508e-01 -1.986213989257812500e+02
