1.000000000000000000e+00 9.043683336928953764e-12 2.326809057928702629e-11 1.110223024625156540e-16 9.043683336928953764e-12 1.000000000000000000e+00 2.392369913284397853e-10 3.330669073875469621e-16 2.326809925290440617e-11 2.392369913284397853e-10 9.999998807907104492e-01 -2.220446049250313081e-16
9.999914765357971191e-01 -3.006967948749661446e-03 -2.825819887220859528e-03 5.664279218763113022e-03 3.016951959580183029e-03 9.999892115592956543e-01 3.535540075972676277e-03 -6.012991070747375488e-02 2.815159037709236145e-03 -3.544034902006387711e-03 9.999896883964538574e-01 3.052408933639526367e+00
9.999830126762390137e-01 -1.524540944956243038e-03 -5.643893033266067505e-03 -6.648871116340160370e-03 1.542552025057375431e-03 9.999936819076538086e-01 3.188329981639981270e-03 -1.107150018215179443e-01 5.638997070491313934e-03 -3.196981037035584450e-03 9.999788999557495117e-01 6.079412937164306641e+00
9.999622702598571777e-01 -1.739691011607646942e-03 -8.516225032508373260e-03 -3.171614184975624084e-02 1.772274030372500420e-03 9.999911189079284668e-01 3.819954115897417068e-03 -1.529580950736999512e-01 8.509502746164798737e-03 -3.834900911897420883e-03 9.999564290046691895e-01 9.099118232727050781e+00
9.999212026596069336e-01 -4.713044036179780960e-03 -1.163887977600097656e-02 -6.193957850337028503e-02 4.751314874738454819e-03 9.999833703041076660e-01 3.262683982029557228e-03 -1.890327036380767822e-01 1.162330992519855499e-02 -3.317724913358688354e-03 9.999269247055053711e-01 1.209422969818115234e+01
9.998919963836669922e-01 -4.228780977427959442e-03 -1.407696958631277084e-02 -1.077803000807762146e-01 4.271543119102716446e-03 9.999862909317016602e-01 3.009019885212182999e-03 -2.249049991369247437e-01 1.406405959278345108e-02 -3.068824065849184990e-03 9.998962879180908203e-01 1.507594013214111328e+01
9.998869895935058594e-01 -1.053198007866740227e-03 -1.499949954450130463e-02 -1.727572977542877197e-01 1.118768006563186646e-03 9.999898076057434082e-01 4.363720770925283432e-03 -2.723182141780853271e-01 1.499474979937076569e-02 -4.380008205771446228e-03 9.998779296875000000e-01 1.804280090332031250e+01
9.998719096183776855e-01 -2.353867057536263019e-05 -1.600922085344791412e-02 -2.386866956949234009e-01 1.097502026823349297e-04 9.999855160713195801e-01 5.384263116866350174e-03 -3.132795095443725586e-01 1.600885950028896332e-02 -5.385328084230422974e-03 9.998573064804077148e-01 2.098967933654785156e+01
9.998624920845031738e-01 1.119432039558887482e-03 -1.654724031686782837e-02 -2.977989017963409424e-01 -1.019277027808129787e-03 9.999811053276062012e-01 6.059863138943910599e-03 -3.414779007434844971e-01 1.655370928347110748e-02 -6.042161956429481506e-03 9.998446702957153320e-01 2.390871047973632812e+01
9.998617768287658691e-01 2.377256983891129494e-03 -1.645373925566673279e-02 -3.583999872207641602e-01 -2.272537909448146820e-03 9.999769926071166992e-01 6.380234844982624054e-03 -3.701780140399932861e-01 1.646853052079677582e-02 -6.341959815472364426e-03 9.998441934585571289e-01 2.680200958251953125e+01
9.998698830604553223e-01 1.170299015939235687e-03 -1.608932949602603912e-02 -4.156875014305114746e-01 -1.111480989493429661e-03 9.999926090240478516e-01 3.664196934551000595e-03 -4.127461016178131104e-01 1.609349995851516724e-02 -3.645835909992456436e-03 9.998638033866882324e-01 2.966060066223144531e+01
9.998764991760253906e-01 -1.461067004129290581e-03 -1.565079949796199799e-02 -4.678629040718078613e-01 1.586742000654339790e-03 9.999666213989257812e-01 8.020523935556411743e-03 -4.539656937122344971e-01 1.563856005668640137e-02 -8.044364862143993378e-03 9.998453259468078613e-01 3.249337005615234375e+01
9.998849034309387207e-01 -2.351352944970130920e-03 -1.499188039451837540e-02 -5.230180025100708008e-01 2.434639958664774895e-03 9.999817013740539551e-01 5.539601203054189682e-03 -4.845156073570251465e-01 1.497858017683029175e-02 -5.575460847467184067e-03 9.998722076416015625e-01 3.527199172973632812e+01
9.999091029167175293e-01 -8.665701025165617466e-04 -1.345464959740638733e-02 -5.831611752510070801e-01 9.187323157675564289e-04 9.999920725822448730e-01 3.871188964694738388e-03 -5.236999988555908203e-01 1.345118973404169083e-02 -3.883196972310543060e-03 9.999018907546997070e-01 3.799599075317382812e+01
9.999427199363708496e-01 3.341604897286742926e-04 -1.070505008101463318e-02 -6.351590156555175781e-01 -2.610085939522832632e-04 9.999765753746032715e-01 6.834072992205619812e-03 -5.650870800018310547e-01 1.070708036422729492e-02 -6.830885075032711029e-03 9.999192953109741211e-01 4.065401077270507812e+01
9.999771714210510254e-01 6.777910311939194798e-05 -6.759562063962221146e-03 -6.731873750686645508e-01 -1.046744000632315874e-05 9.999639987945556641e-01 8.478279225528240204e-03 -6.012228727340698242e-01 6.759893149137496948e-03 -8.478012867271900177e-03 9.999411702156066895e-01 4.323955154418945312e+01
9.999997019767761230e-01 -7.846737862564623356e-04 3.218970086891204119e-04 -6.935883760452270508e-01 7.826664950698614120e-04 9.999805092811584473e-01 6.189642939716577530e-03 -6.350240707397460938e-01 -3.267475985921919346e-04 -6.189388222992420197e-03 9.999806880950927734e-01 4.574412918090820312e+01
9.999688863754272461e-01 -6.772935157641768456e-04 7.861748337745666504e-03 -7.001991868019104004e-01 6.368231843225657940e-04 9.999865293502807617e-01 5.149118136614561081e-03 -6.645447015762329102e-01 -7.865129038691520691e-03 -5.143950227648019791e-03 9.999557733535766602e-01 4.819773864746093750e+01
9.998043775558471680e-01 1.185348955914378166e-03 1.974543929100036621e-02 -6.903610229492187500e-01 -1.267194049432873726e-03 9.999905824661254883e-01 4.133009817451238632e-03 -6.899979114532470703e-01 -1.974035054445266724e-02 -4.157220944762229919e-03 9.997963905334472656e-01 5.060552978515625000e+01
9.993594288825988770e-01 3.728631883859634399e-03 3.559358045458793640e-02 -6.473751068115234375e-01 -3.917025867849588394e-03 9.999787211418151855e-01 5.224639084190130234e-03 -7.126113176345825195e-01 -3.557334095239639282e-02 -5.360711831599473953e-03 9.993525743484497070e-01 5.296879959106445312e+01
9.982392191886901855e-01 8.248456753790378571e-03 5.874190852046012878e-02 -5.600621104240417480e-01 -8.602116256952285767e-03 9.999462962150573730e-01 5.770219955593347549e-03 -7.297775149345397949e-01 -5.869115889072418213e-02 -6.265363190323114395e-03 9.982565045356750488e-01 5.528110122680664062e+01
9.958860874176025391e-01 1.264625042676925659e-02 8.972728252410888672e-02 -4.111118912696838379e-01 -1.336115039885044098e-02 9.998834729194641113e-01 7.371203042566776276e-03 -7.469046711921691895e-01 -8.962360769510269165e-02 -8.539736270904541016e-03 9.959390163421630859e-01 5.753105163574218750e+01
9.919005036354064941e-01 1.254741009324789047e-02 1.263965964317321777e-01 -1.772585064172744751e-01 -1.369399018585681915e-02 9.998725056648254395e-01 8.206429891288280487e-03 -7.637425065040588379e-01 -1.262775063514709473e-01 -9.870832785964012146e-03 9.919458031654357910e-01 5.973159027099609375e+01
9.858577251434326172e-01 9.109430015087127686e-03 1.673368960618972778e-01 1.414162069559097290e-01 -1.029132958501577377e-02 9.999278187751770020e-01 6.197188980877399445e-03 -7.801985740661621094e-01 -1.672683954238891602e-01 -7.831664755940437317e-03 9.858801960945129395e-01 6.186838912963867188e+01
9.773045778274536133e-01 -1.709231990389525890e-03 2.118321955204010010e-01 5.688515901565551758e-01 -4.745823971461504698e-04 9.999473094940185547e-01 1.025789976119995117e-02 -7.991530895233154297e-01 -2.118384987115859985e-01 -1.012562029063701630e-02 9.772521853446960449e-01 6.394068908691406250e+01
9.654653072357177734e-01 -1.331156026571989059e-02 2.601914107799530029e-01 1.098598957061767578e+00 1.166579965502023697e-02 9.999009966850280762e-01 7.868492975831031799e-03 -8.056282997131347656e-01 -2.602702975273132324e-01 -4.561415873467922211e-03 9.655249714851379395e-01 6.593480682373046875e+01
9.495605826377868652e-01 -2.005548961460590363e-02 3.129416108131408691e-01 1.719449996948242188e+00 1.762511022388935089e-02 9.997885227203369141e-01 1.059348043054342270e-02 -8.099220991134643555e-01 -3.130879104137420654e-01 -4.543521907180547714e-03 9.497131705284118652e-01 6.785620880126953125e+01
9.291719198226928711e-01 -2.800213918089866638e-02 3.685860037803649902e-01 2.445156097412109375e+00 2.471862919628620148e-02 9.996014833450317383e-01 1.362812984734773636e-02 -8.131263256072998047e-01 -3.688206970691680908e-01 -3.551935078576207161e-03 9.294937252998352051e-01 6.970243072509765625e+01
9.041594862937927246e-01 -2.861150912940502167e-02 4.262360036373138428e-01 3.253648996353149414e+00 2.944809012115001678e-02 9.995555877685546875e-01 4.628971219062805176e-03 -8.166667222976684570e-01 -4.261789917945861816e-01 8.366501890122890472e-03 9.046000838279724121e-01 7.145272064208984375e+01
8.745234012603759766e-01 -3.199556842446327209e-02 4.839268028736114502e-01 4.165770053863525391e+00 3.386512026190757751e-02 9.994145035743713379e-01 4.878839012235403061e-03 -8.265718817710876465e-01 -4.837994873523712158e-01 1.212157960981130600e-02 8.750947713851928711e-01 7.313220214843750000e+01
8.375208973884582520e-01 -3.135402128100395203e-02 5.455049872398376465e-01 5.171922206878662109e+00 2.716620080173015594e-02 9.995070099830627441e-01 1.574010029435157776e-02 -8.379064798355102539e-01 -5.457295179367065430e-01 1.636630971916019917e-03 8.379597067832946777e-01 7.474041748046875000e+01
7.946459054946899414e-01 -1.916752941906452179e-02 6.067705750465393066e-01 6.267395019531250000e+00 2.143011055886745453e-02 9.997640848159790039e-01 3.516416065394878387e-03 -8.402730822563171387e-01 -6.066948771476745605e-01 1.020884979516267776e-02 7.948691844940185547e-01 7.623592376708984375e+01
7.490501999855041504e-01 -1.930171065032482147e-02 6.622321009635925293e-01 7.469758033752441406e+00 2.196145989000797272e-02 9.997496008872985840e-01 4.298552870750427246e-03 -8.507152795791625977e-01 -6.621491909027099609e-01 1.132375001907348633e-02 7.492864131927490234e-01 7.762713623046875000e+01
6.994596719741821289e-01 -1.826382055878639221e-02 7.144386768341064453e-01 8.750799179077148438e+00 2.269946970045566559e-02 9.997367858886718750e-01 3.333600005134940147e-03 -8.702408075332641602e-01 -7.143114209175109863e-01 1.388564985245466232e-02 6.996901035308837891e-01 7.890589904785156250e+01
6.464027166366577148e-01 -1.342372968792915344e-02 7.628782987594604492e-01 1.010937023162841797e+01 2.085703983902931213e-02 9.997823834419250488e-01 -8.027689182199537754e-05 -8.844684958457946777e-01 -7.627112865447998047e-01 1.596326939761638641e-02 6.465420126914978027e-01 8.008158111572265625e+01
5.901005864143371582e-01 -6.313377059996128082e-03 8.073050975799560547e-01 1.155403995513916016e+01 2.023864910006523132e-02 9.997708201408386230e-01 -6.974942982196807861e-03 -9.103950858116149902e-01 -8.070759773254394531e-01 2.045466937124729156e-02 5.900930762290954590e-01 8.116168212890625000e+01
5.295972824096679688e-01 1.127181015908718109e-02 8.481742739677429199e-01 1.306620979309082031e+01 1.835653930902481079e-02 9.995251893997192383e-01 -2.474495954811573029e-02 -9.899749755859375000e-01 -8.480504751205444336e-01 2.867439948022365570e-02 5.291389822959899902e-01 8.217843627929687500e+01
4.656619131565093994e-01 1.582819037139415741e-02 8.848211765289306641e-01 1.467086029052734375e+01 1.381362043321132660e-02 9.995881915092468262e-01 -2.515101991593837738e-02 -1.091171026229858398e+00 -8.848547935485839844e-01 2.393445000052452087e-02 4.652515053749084473e-01 8.310276794433593750e+01
3.985675871372222900e-01 1.506851986050605774e-02 9.170151948928833008e-01 1.635187911987304688e+01 5.370068829506635666e-03 9.998095035552978516e-01 -1.876303926110267639e-02 -1.182919979095458984e+00 -9.171231985092163086e-01 1.240277010947465897e-02 3.984107971191406250e-01 8.390596008300781250e+01
3.276883959770202637e-01 2.019548043608665466e-02 9.445700049400329590e-01 1.810133934020996094e+01 -6.744494196027517319e-03 9.997959733009338379e-01 -1.903646066784858704e-02 -1.258473992347717285e+00 -9.447616934776306152e-01 -1.326204946963116527e-04 3.277578055858612061e-01 8.458881378173828125e+01
2.554160952568054199e-01 1.898680068552494049e-02 9.666448235511779785e-01 1.992032051086425781e+01 -1.046187989413738251e-02 9.998028874397277832e-01 -1.687376014888286591e-02 -1.333845019340515137e+00 -9.667745828628540039e-01 -5.803097039461135864e-03 2.555643916130065918e-01 8.512286376953125000e+01
1.842613071203231812e-01 1.726802065968513489e-02 9.827256202697753906e-01 2.179622077941894531e+01 -7.939293980598449707e-03 9.998391866683959961e-01 -1.608012057840824127e-02 -1.441902041435241699e+00 -9.828451871871948242e-01 -4.839206114411354065e-03 1.843688040971755981e-01 8.551592254638671875e+01
1.161094009876251221e-01 1.870303973555564880e-02 9.930602908134460449e-01 2.370410919189453125e+01 3.197353100404143333e-03 9.998105168342590332e-01 -1.920400932431221008e-02 -1.536455035209655762e+00 -9.932311773300170898e-01 5.404926836490631104e-03 1.160276010632514954e-01 8.575773620605468750e+01
5.411487072706222534e-02 2.811232954263687134e-02 9.981389045715332031e-01 2.562624931335449219e+01 1.029632985591888428e-02 9.995347261428833008e-01 -2.870986983180046082e-02 -1.637413978576660156e+00 -9.984815716743469238e-01 1.183078996837139130e-02 5.380024015903472900e-02 8.588404846191406250e+01
5.896436050534248352e-03 2.376380003988742828e-02 9.997001886367797852e-01 2.757773971557617188e+01 1.408031955361366272e-02 9.996165037155151367e-01 -2.384486049413681030e-02 -1.740061044692993164e+00 -9.998834133148193359e-01 1.421669032424688339e-02 5.559572950005531311e-03 8.590820312500000000e+01
-2.974217943847179413e-02 2.343909069895744324e-02 9.992827773094177246e-01 2.953911972045898438e+01 1.629225909709930420e-02 9.996036291122436523e-01 -2.296170033514499664e-02 -1.850371956825256348e+00 -9.994248151779174805e-01 1.559763960540294647e-02 -3.011225908994674683e-02 8.586002349853515625e+01
-5.644683167338371277e-02 3.313706815242767334e-02 9.978556036949157715e-01 3.150610923767089844e+01 2.335369028151035309e-02 9.992194175720214844e-01 -3.186129033565521240e-02 -1.968582034111022949e+00 -9.981324076652526855e-01 2.150513045489788055e-02 -5.717663839459419250e-02 8.574610137939453125e+01
-7.133180648088455200e-02 4.201284050941467285e-02 9.965674877166748047e-01 3.348522949218750000e+01 3.294276818633079529e-02 9.986667037010192871e-01 -3.974337875843048096e-02 -2.096510887145996094e+00 -9.969084858894348145e-01 2.999472059309482574e-02 -7.262071967124938965e-02 8.558750152587890625e+01
-7.772053778171539307e-02 5.100176855921745300e-02 9.956697821617126465e-01 3.547391891479492188e+01 3.710220009088516235e-02 9.981467723846435547e-01 -4.823252186179161072e-02 -2.230292081832885742e+00 -9.962844848632812500e-01 3.319288045167922974e-02 -7.946877926588058472e-02 8.541928863525390625e+01
-8.277043700218200684e-02 5.712854862213134766e-02 9.949299097061157227e-01 3.747623062133789062e+01 3.843786939978599548e-02 9.977957010269165039e-01 -5.409539118409156799e-02 -2.372411966323852539e+00 -9.958270192146301270e-01 3.376547992229461670e-02 -8.478388190269470215e-02 8.524353027343750000e+01
-8.668535202741622925e-02 6.295572966337203979e-02 9.942445755004882812e-01 3.948794174194335938e+01 4.222096875309944153e-02 9.973368048667907715e-01 -5.947041139006614685e-02 -2.531910896301269531e+00 -9.953405857086181641e-01 3.682275116443634033e-02 -8.911252766847610474e-02 8.504711151123046875e+01
-9.119746088981628418e-02 6.078594923019409180e-02 9.939758777618408203e-01 4.152313995361328125e+01 4.136854037642478943e-02 9.975048899650573730e-01 -5.720619857311248779e-02 -2.703793048858642578e+00 -9.949731826782226562e-01 3.590226173400878906e-02 -9.348452836275100708e-02 8.484011077880859375e+01
-9.565325826406478882e-02 6.425885111093521118e-02 9.933385252952575684e-01 4.356320953369140625e+01 4.068652912974357605e-02 9.973325729370117188e-01 -6.059933826327323914e-02 -2.862845897674560547e+00 -9.945827722549438477e-01 3.461895883083343506e-02 -9.801256656646728516e-02 8.462638854980468750e+01
-1.008218973875045776e-01 7.017313688993453979e-02 9.924266934394836426e-01 4.562390136718750000e+01 3.714917972683906555e-02 9.970793724060058594e-01 -6.672810763120651245e-02 -3.034106969833374023e+00 -9.942106008529663086e-01 3.014017082750797272e-02 -1.031342968344688416e-01 8.439615631103515625e+01
-1.055615022778511047e-01 7.713972777128219604e-02 9.914162755012512207e-01 4.769858932495117188e+01 3.158554062247276306e-02 9.967436790466308594e-01 -7.419116795063018799e-02 -3.212409019470214844e+00 -9.939110279083251953e-01 2.348268032073974609e-02 -1.076543033123016357e-01 8.415973663330078125e+01
-1.113398969173431396e-01 7.123111188411712646e-02 9.912263154983520508e-01 4.979766845703125000e+01 2.642006054520606995e-02 9.972875118255615234e-01 -6.869904696941375732e-02 -3.399466991424560547e+00 -9.934310913085937500e-01 1.853930018842220306e-02 -1.129198968410491943e-01 8.391178894042968750e+01
-1.158249974250793457e-01 6.985040009021759033e-02 9.908105731010437012e-01 5.190708923339843750e+01 2.598170936107635498e-02 9.973958730697631836e-01 -6.727743148803710938e-02 -3.581331968307495117e+00 -9.929296970367431641e-01 1.795052923262119293e-02 -1.173382028937339783e-01 8.364592742919921875e+01
-1.177716031670570374e-01 7.541683316230773926e-02 9.901728034019470215e-01 5.402127838134765625e+01 2.790440060198307037e-02 9.969695210456848145e-01 -7.261555641889572144e-02 -3.758476018905639648e+00 -9.926484823226928711e-01 1.907812058925628662e-02 -1.195191964507102966e-01 8.337011718750000000e+01
-1.180775985121726990e-01 7.482939958572387695e-02 9.901809096336364746e-01 5.616217041015625000e+01 2.374346926808357239e-02 9.970843195915222168e-01 -7.251974195241928101e-02 -3.946918964385986328e+00 -9.927204251289367676e-01 1.494736969470977783e-02 -1.195100024342536926e-01 8.309674072265625000e+01
-1.184144020080566406e-01 7.536458969116210938e-02 9.901000857353210449e-01 5.831224822998046875e+01 1.629357971251010895e-02 9.971287250518798828e-01 -7.395091652870178223e-02 -4.137484073638916016e+00 -9.928305149078369141e-01 7.375421933829784393e-03 -1.193023025989532471e-01 8.283187866210937500e+01
-1.192827001214027405e-01 7.481209188699722290e-02 9.900377988815307617e-01 6.048414993286132812e+01 8.649814873933792114e-03 9.971976280212402344e-01 -7.431098073720932007e-02 -4.332877159118652344e+00 -9.928225874900817871e-01 -3.003721067216247320e-04 -1.195954978466033936e-01 8.256445312500000000e+01
-1.199740022420883179e-01 6.147785112261772156e-02 9.908717274665832520e-01 6.269200897216796875e+01 1.156217046082019806e-02 9.980996251106262207e-01 -6.052637100219726562e-02 -4.507440090179443359e+00 -9.927096962928771973e-01 4.195034969598054886e-03 -1.204567998647689819e-01 8.227635955810546875e+01
-1.191899999976158142e-01 5.753559991717338562e-02 9.912030100822448730e-01 6.490299224853515625e+01 2.502528950572013855e-02 9.981765151023864746e-01 -5.493116006255149841e-02 -4.637323856353759766e+00 -9.925559759140014648e-01 1.825788989663124084e-02 -1.204124987125396729e-01 8.197173309326171875e+01
-1.170727014541625977e-01 6.916152685880661011e-02 9.907122254371643066e-01 6.711534881591796875e+01 3.455185890197753906e-02 9.972519278526306152e-01 -6.553508341312408447e-02 -4.769758224487304688e+00 -9.925221204757690430e-01 2.655857056379318237e-02 -1.191406995058059692e-01 8.167128753662109375e+01
-1.163709014654159546e-01 7.198808342218399048e-02 9.905936121940612793e-01 6.935294342041015625e+01 3.285757079720497131e-02 9.971029162406921387e-01 -6.860116869211196899e-02 -4.927906990051269531e+00 -9.926620721817016602e-01 2.456532046198844910e-02 -1.183990985155105591e-01 8.138834381103515625e+01
-1.159474998712539673e-01 6.394349783658981323e-02 9.911950230598449707e-01 7.162116241455078125e+01 2.916130982339382172e-02 9.977145195007324219e-01 -6.095287948846817017e-02 -5.086994171142578125e+00 -9.928271174430847168e-01 2.183719910681247711e-02 -1.175471991300582886e-01 8.111025238037109375e+01
-1.156248971819877625e-01 6.921292096376419067e-02 9.908787012100219727e-01 7.388909149169921875e+01 2.803963981568813324e-02 9.973992109298706055e-01 -6.639646738767623901e-02 -5.241054058074951172e+00 -9.928970932960510254e-01 2.010677941143512726e-02 -1.172648966312408447e-01 8.083141326904296875e+01
-1.145607009530067444e-01 7.215450704097747803e-02 9.907923936843872070e-01 7.617778778076171875e+01 2.843230031430721283e-02 9.971883296966552734e-01 -6.933280825614929199e-02 -5.409080028533935547e+00 -9.930092096328735352e-01 2.022767998278141022e-02 -1.162900999188423157e-01 8.054753112792968750e+01
-1.142247989773750305e-01 6.325840204954147339e-02 9.914389252662658691e-01 7.849684143066406250e+01 2.937545068562030792e-02 9.977493286132812500e-01 -6.027666851878166199e-02 -5.575395107269287109e+00 -9.930204749107360840e-01 2.223886922001838684e-02 -1.158258989453315735e-01 8.026069641113281250e+01
-1.138665974140167236e-01 6.956511735916137695e-02 9.910575747489929199e-01 8.081443023681640625e+01 2.669236063957214355e-02 9.973996281623840332e-01 -6.694351136684417725e-02 -5.733271121978759766e+00 -9.931374192237854004e-01 1.883102953433990479e-02 -1.154273971915245056e-01 7.998194122314453125e+01
-1.133275032043457031e-01 6.578657031059265137e-02 9.913774132728576660e-01 8.314910888671875000e+01 2.502349950373172760e-02 9.976779818534851074e-01 -6.334417313337326050e-02 -5.906836032867431641e+00 -9.932425022125244141e-01 1.762909069657325745e-02 -1.147105991840362549e-01 7.970179748535156250e+01
-1.108700037002563477e-01 6.472692638635635376e-02 9.917249083518981934e-01 8.548133087158203125e+01 2.733132988214492798e-02 9.976980090141296387e-01 -6.206128001213073730e-02 -6.073437213897705078e+00 -9.934589862823486328e-01 2.022442035377025604e-02 -1.123837977647781372e-01 7.941860961914062500e+01
-1.085183992981910706e-01 6.474184989929199219e-02 9.919840097427368164e-01 8.784313964843750000e+01 2.975945919752120972e-02 9.976413249969482422e-01 -6.185553967952728271e-02 -6.220091819763183594e+00 -9.936488866806030273e-01 2.280844002962112427e-02 -1.101891025900840759e-01 7.913297271728515625e+01
-1.060845032334327698e-01 6.303828209638595581e-02 9.923568964004516602e-01 9.023925018310546875e+01 3.127932175993919373e-02 9.977061152458190918e-01 -6.003428995609283447e-02 -6.375415802001953125e+00 -9.938650131225585938e-01 2.467153966426849365e-02 -1.078128963708877563e-01 7.885003662109375000e+01
-1.037603989243507385e-01 6.200648099184036255e-02 9.926676154136657715e-01 9.266638946533203125e+01 3.098534978926181793e-02 9.977717995643615723e-01 -5.908652022480964661e-02 -6.542150020599365234e+00 -9.941195249557495117e-01 2.462729997932910919e-02 -1.054505035281181335e-01 7.857335662841796875e+01
-1.006055995821952820e-01 6.553056836128234863e-02 9.927660226821899414e-01 9.510910797119140625e+01 2.978588081896305084e-02 9.975796937942504883e-01 -6.282985955476760864e-02 -6.713115215301513672e+00 -9.944803714752197266e-01 2.324935980141162872e-02 -1.023140028119087219e-01 7.830261993408203125e+01
-9.903252124786376953e-02 6.264173984527587891e-02 9.931105971336364746e-01 9.756935119628906250e+01 2.388009987771511078e-02 9.978787899017333984e-01 -6.056119874119758606e-02 -6.882330894470214844e+00 -9.947975873947143555e-01 1.771805062890052795e-02 -1.003182977437973022e-01 7.805764770507812500e+01
-9.915246814489364624e-02 6.387177109718322754e-02 9.930202960968017578e-01 1.000429000854492188e+02 1.887213997542858124e-02 9.978790283203125000e-01 -6.229992955923080444e-02 -7.052411079406738281e+00 -9.948931932449340820e-01 1.256322022527456284e-02 -1.001475974917411804e-01 7.782180023193359375e+01
-1.015079021453857422e-01 5.933444947004318237e-02 9.930638074874877930e-01 1.025375976562500000e+02 1.383514981716871262e-02 9.982073903083801270e-01 -5.822759866714477539e-02 -7.224808216094970703e+00 -9.947385191917419434e-01 7.828622125089168549e-03 -1.021469011902809143e-01 7.757772064208984375e+01
-1.045565009117126465e-01 5.860638990998268127e-02 9.927906990051269531e-01 1.050341033935546875e+02 1.185647025704383850e-02 9.982646107673645020e-01 -5.768087133765220642e-02 -7.394646167755126953e+00 -9.944481849670410156e-01 5.740073975175619125e-03 -1.050700023770332336e-01 7.731941986083984375e+01
-1.098781973123550415e-01 5.235797166824340820e-02 9.925650954246520996e-01 1.075330963134765625e+02 8.644134737551212311e-03 9.986242055892944336e-01 -5.172067880630493164e-02 -7.561305999755859375e+00 -9.939073920249938965e-01 2.896887948736548424e-03 -1.101796030998229980e-01 7.704727935791015625e+01
-1.195937991142272949e-01 5.673661082983016968e-02 9.912005066871643066e-01 1.100018997192382812e+02 2.541051013395190239e-03 9.983800053596496582e-01 -5.684098973870277405e-02 -7.722950935363769531e+00 -9.928196072578430176e-01 -4.279139917343854904e-03 -1.195442005991935730e-01 7.676377868652343750e+01
-1.357631981372833252e-01 5.923628062009811401e-02 9.889689087867736816e-01 1.124617996215820312e+02 6.028125062584877014e-03 9.982419013977050781e-01 -5.896418914198875427e-02 -7.896791934967041016e+00 -9.907228946685791016e-01 -2.043545013293623924e-03 -1.358816027641296387e-01 7.643701934814453125e+01
-1.594596952199935913e-01 5.569922924041748047e-02 9.856318831443786621e-01 1.149113998413085938e+02 7.842035032808780670e-03 9.984470009803771973e-01 -5.515471845865249634e-02 -8.061834335327148438e+00 -9.871731996536254883e-01 -1.065599033609032631e-03 -1.596488058567047119e-01 7.604901123046875000e+01
-1.884258985519409180e-01 5.405645072460174561e-02 9.805986285209655762e-01 1.173410034179687500e+02 9.523556567728519440e-03 9.985376000404357910e-01 -5.321538075804710388e-02 -8.223597526550292969e+00 -9.820411801338195801e-01 -6.883714231662452221e-04 -1.886651068925857544e-01 7.558129882812500000e+01
-2.190625965595245361e-01 5.932381004095077515e-02 9.739056825637817383e-01 1.197281036376953125e+02 1.460823975503444672e-02 9.982373714447021484e-01 -5.752009153366088867e-02 -8.388866424560546875e+00 -9.756013751029968262e-01 1.626541954465210438e-03 -2.195430994033813477e-01 7.504273986816406250e+01
-2.506675124168395996e-01 6.208528950810432434e-02 9.660804271697998047e-01 1.220798034667968750e+02 1.136813033372163773e-02 9.980612993240356445e-01 -6.119088828563690186e-02 -8.561331748962402344e+00 -9.680064916610717773e-01 -4.356037825345993042e-03 -2.508873045444488525e-01 7.444731140136718750e+01
-2.830063998699188232e-01 5.113255977630615234e-02 9.577540755271911621e-01 1.244375000000000000e+02 1.087701995857059956e-03 9.985942840576171875e-01 -5.299155041575431824e-02 -8.723087310791015625e+00 -9.591174125671386719e-01 -1.395520009100437164e-02 -2.826642096042633057e-01 7.378565979003906250e+01
-3.131228983402252197e-01 5.450155958533287048e-02 9.481474757194519043e-01 1.267459030151367188e+02 -8.339619962498545647e-04 9.983357787132263184e-01 -5.766192078590393066e-02 -8.874807357788085938e+00 -9.497122168540954590e-01 -1.884597912430763245e-02 -3.125562965869903564e-01 7.304798889160156250e+01
-3.413454890251159668e-01 5.661712959408760071e-02 9.382312297821044922e-01 1.290148925781250000e+02 2.514475956559181213e-03 9.982355833053588867e-01 -5.932326987385749817e-02 -9.035823822021484375e+00 -9.399344921112060547e-01 -1.789057068526744843e-02 -3.408856093883514404e-01 7.223590087890625000e+01
-3.701033890247344971e-01 5.298037081956863403e-02 9.274786114692687988e-01 1.312536010742187500e+02 1.738221966661512852e-03 9.984102249145507812e-01 -5.633857846260070801e-02 -9.199094772338867188e+00 -9.289888739585876465e-01 -1.923893950879573822e-02 -3.696070909500122070e-01 7.136167907714843750e+01
-3.998405933380126953e-01 5.665126070380210876e-02 9.148322939872741699e-01 1.334421997070312500e+02 1.254571950994431973e-03 9.981210231781005859e-01 -6.126062944531440735e-02 -9.359053611755371094e+00 -9.165837764739990234e-01 -2.334675937891006470e-02 -3.991602957248687744e-01 7.042848205566406250e+01
-4.291459918022155762e-01 6.062984094023704529e-02 9.011980295181274414e-01 1.356042938232421875e+02 4.536844789981842041e-03 9.978765845298767090e-01 -6.497368216514587402e-02 -9.527433395385742188e+00 -9.032236933708190918e-01 -2.379458956420421600e-02 -4.285098016262054443e-01 6.941459655761718750e+01
-4.591858983039855957e-01 6.647746264934539795e-02 8.858494162559509277e-01 1.377420043945312500e+02 5.241397768259048462e-03 9.973813891410827637e-01 -7.213033735752105713e-02 -9.704589843750000000e+00 -8.883246779441833496e-01 -2.847814001142978668e-02 -4.583319127559661865e-01 6.832845306396484375e+01
-4.907005131244659424e-01 5.958725884556770325e-02 8.692885041236877441e-01 1.398722991943359375e+02 9.702285169623792171e-04 9.976956248283386230e-01 -6.784153729677200317e-02 -9.888913154602050781e+00 -8.713278174400329590e-01 -3.244647011160850525e-02 -4.896275103092193604e-01 6.716223144531250000e+01
-5.227946043014526367e-01 5.862139910459518433e-02 8.504406809806823730e-01 1.419671020507812500e+02 -9.632887085899710655e-04 9.975913763046264648e-01 -6.935676932334899902e-02 -1.006744003295898438e+01 -8.524581193923950195e-01 -3.707855939865112305e-02 -5.214788913726806641e-01 6.591184997558593750e+01
-5.543975234031677246e-01 5.665966868400573730e-02 8.303210735321044922e-01 1.440312042236328125e+02 -3.289860906079411507e-03 9.975228905677795410e-01 -7.026585191488265991e-02 -1.025440025329589844e+01 -8.322455286979675293e-01 -4.168685153126716614e-02 -5.528377890586853027e-01 6.457480621337890625e+01
-5.852069854736328125e-01 5.380572006106376648e-02 8.090968728065490723e-01 1.460541992187500000e+02 -4.333160817623138428e-03 9.975743293762207031e-01 -6.947377324104309082e-02 -1.044365978240966797e+01 -8.108723759651184082e-01 -4.416247829794883728e-02 -5.835543274879455566e-01 6.315164947509765625e+01
-6.151769757270812988e-01 4.798841103911399841e-02 7.869272232055664062e-01 1.480355072021484375e+02 -3.861205885186791420e-03 9.979503750801086426e-01 -6.387551873922348022e-02 -1.062705039978027344e+01 -7.883796095848083496e-01 -4.233323037624359131e-02 -6.137307882308959961e-01 6.164067840576171875e+01
-6.448529958724975586e-01 4.765820875763893127e-02 7.628194093704223633e-01 1.499694976806640625e+02 -5.932359956204891205e-03 9.977118968963623047e-01 -6.734842061996459961e-02 -1.080867004394531250e+01 -7.642835974693298340e-01 -4.795514047145843506e-02 -6.430947184562683105e-01 6.004930114746093750e+01
-6.759768724441528320e-01 4.389161989092826843e-02 7.356144785881042480e-01 1.518569946289062500e+02 -1.026709005236625671e-02 9.975668191909790039e-01 -6.895615905523300171e-02 -1.099532032012939453e+01 -7.368512153625488281e-01 -5.416537821292877197e-02 -6.738814711570739746e-01 5.837760925292968750e+01
-7.087860703468322754e-01 3.354619070887565613e-02 7.046254277229309082e-01 1.536878051757812500e+02 -1.554519962519407272e-02 9.978833198547363281e-01 -6.314478814601898193e-02 -1.118204975128173828e+01 -7.052521109580993652e-01 -5.570967867970466614e-02 -7.067642807960510254e-01 5.660811996459960938e+01
-7.436032891273498535e-01 2.726222947239875793e-02 6.680650711059570312e-01 1.554367980957031250e+02 -2.066737040877342224e-02 9.977536797523498535e-01 -6.372032314538955688e-02 -1.136017990112304688e+01 -6.683015823364257812e-01 -6.118977814912796021e-02 -7.413694858551025391e-01 5.474663925170898438e+01
-7.763937711715698242e-01 2.696188911795616150e-02 6.296712160110473633e-01 1.571378021240234375e+02 -1.901016943156719208e-02 9.976280927658081055e-01 -6.615726649761199951e-02 -1.153501033782958984e+01 -6.299613714218139648e-01 -6.333424150943756104e-02 -7.740396261215209961e-01 5.277453994750976562e+01
-8.061937093734741211e-01 2.802466042339801788e-02 5.909876227378845215e-01 1.587557067871093750e+02 -1.178252045065164566e-02 9.979190230369567871e-01 -6.339445710182189941e-02 -1.172194957733154297e+01 -5.915343165397644043e-01 -5.807153135538101196e-02 -8.041856884956359863e-01 5.072637939453125000e+01
-8.343731760978698730e-01 3.073319979012012482e-02 5.503426194190979004e-01 1.602798004150390625e+02 -9.666919708251953125e-03 9.974749088287353516e-01 -7.035876065492630005e-02 -1.191872978210449219e+01 -5.511152148246765137e-01 -6.402557343244552612e-02 -8.319690823554992676e-01 4.863457870483398438e+01
-8.591529726982116699e-01 2.947331033647060394e-02 5.108693838119506836e-01 1.616862945556640625e+02 -5.867495201528072357e-03 9.977068901062011719e-01 -6.742782145738601685e-02 -1.212199974060058594e+01 -5.116851925849914551e-01 -6.092831864953041077e-02 -8.570098280906677246e-01 4.646556091308593750e+01
-8.791217207908630371e-01 3.444201871752738953e-02 4.753513038158416748e-01 1.629730072021484375e+02 -4.303310997784137726e-04 9.973276257514953613e-01 -7.305818796157836914e-02 -1.233141040802001953e+01 -4.765971899032592773e-01 -6.443159282207489014e-02 -8.767573833465576172e-01 4.422904968261718750e+01
-8.963481187820434570e-01 2.945245988667011261e-02 4.423716068267822266e-01 1.641797943115234375e+02 -3.886569989845156670e-03 9.972305893898010254e-01 -7.426927983760833740e-02 -1.255286026000976562e+01 -4.433338940143585205e-01 -6.829042732715606689e-02 -8.937513232231140137e-01 4.194672012329101562e+01
-9.102454781532287598e-01 2.600678056478500366e-02 4.132514894008636475e-01 1.652989044189453125e+02 -4.902027081698179245e-03 9.972789287567138672e-01 -7.355827093124389648e-02 -1.277147006988525391e+01 -4.140399992465972900e-01 -6.898184120655059814e-02 -9.076411128044128418e-01 3.962170028686523438e+01
-9.220764040946960449e-01 1.853236928582191467e-02 3.865638971328735352e-01 1.663486938476562500e+02 -8.920852094888687134e-03 9.975696206092834473e-01 -6.910382211208343506e-02 -1.298468017578125000e+01 -3.869050145149230957e-01 -6.716746836900711060e-02 -9.196699857711791992e-01 3.726247024536132812e+01
-9.315299987792968750e-01 1.506713964045047760e-02 3.633522987365722656e-01 1.673354034423828125e+02 -8.349528536200523376e-03 9.979918003082275391e-01 -6.278955936431884766e-02 -1.318535995483398438e+01 -3.635686933994293213e-01 -6.152416020631790161e-02 -9.295334815979003906e-01 3.486196899414062500e+01
-9.370316863059997559e-01 2.457554079592227936e-02 3.483786880970001221e-01 1.682483978271484375e+02 1.714583020657300949e-03 9.978327751159667969e-01 -6.577806174755096436e-02 -1.337386989593505859e+01 -3.492402136325836182e-01 -6.103878840804100037e-02 -9.350429773330688477e-01 3.244992828369140625e+01
-9.406262040138244629e-01 2.649369090795516968e-02 3.384088873863220215e-01 1.691378936767578125e+02 3.739559091627597809e-03 9.976977109909057617e-01 -6.771446764469146729e-02 -1.357155990600585938e+01 -3.394238054752349854e-01 -6.242848932743072510e-02 -9.385595917701721191e-01 3.002816963195800781e+01
-9.443598985671997070e-01 1.275283005088567734e-02 3.286666870117187500e-01 1.699694976806640625e+02 -7.661387789994478226e-03 9.981240034103393555e-01 -6.074246019124984741e-02 -1.377138042449951172e+01 -3.288246989250183105e-01 -5.988077819347381592e-02 -9.424905776977539062e-01 2.758223915100097656e+01
-9.473134875297546387e-01 4.236096050590276718e-03 3.202801048755645752e-01 1.707494049072265625e+02 -1.761705987155437469e-02 9.977098703384399414e-01 -6.530310213565826416e-02 -1.396352005004882812e+01 -3.198232054710388184e-01 -6.750488281250000000e-02 -9.450693726539611816e-01 2.513071060180664062e+01
-9.484549760818481445e-01 4.732104949653148651e-03 3.168765902519226074e-01 1.715130004882812500e+02 -1.828631013631820679e-02 9.974054098129272461e-01 -6.962829828262329102e-02 -1.416740036010742188e+01 -3.163838982582092285e-01 -7.183379679918289185e-02 -9.459074735641479492e-01 2.267272949218750000e+01
-9.480193853378295898e-01 9.724101983010768890e-03 3.180640935897827148e-01 1.722631988525390625e+02 -1.434560958296060562e-02 9.972106814384460449e-01 -7.324592769145965576e-02 -1.438257026672363281e+01 -3.178892135620117188e-01 -7.400137186050415039e-02 -9.452354907989501953e-01 2.022133064270019531e+01
-9.470945000648498535e-01 1.100027002394199371e-02 3.207662999629974365e-01 1.729947052001953125e+02 -1.363043021410703659e-02 9.971323013305664062e-01 -7.444064319133758545e-02 -1.459753036499023438e+01 -3.206652998924255371e-01 -7.487449049949645996e-02 -9.442284703254699707e-01 1.779910087585449219e+01
-9.449735879898071289e-01 1.047687977552413940e-02 3.269790112972259521e-01 1.737830047607421875e+02 -1.487282011657953262e-02 9.970778226852416992e-01 -7.493048906326293945e-02 -1.481888961791992188e+01 -3.268086016178131104e-01 -7.567042112350463867e-02 -9.420562982559204102e-01 1.540116977691650391e+01
-9.413759708404541016e-01 6.548169068992137909e-03 3.372957110404968262e-01 1.746269989013671875e+02 -1.775361970067024231e-02 9.974645972251892090e-01 -6.891404837369918823e-02 -1.503629016876220703e+01 -3.368917107582092285e-01 -7.086224108934402466e-02 -9.388728737831115723e-01 1.300434970855712891e+01
-9.361848235130310059e-01 6.838380824774503708e-03 3.514418005943298340e-01 1.754925994873046875e+02 -1.729108020663261414e-02 9.977043867111206055e-01 -6.547410786151885986e-02 -1.523869037628173828e+01 -3.510828018188476562e-01 -6.737265735864639282e-02 -9.339174032211303711e-01 1.062386989593505859e+01
-9.292045235633850098e-01 9.590083733201026917e-03 3.694415092468261719e-01 1.763995971679687500e+02 -1.636865921318531036e-02 9.976142048835754395e-01 -6.706622987985610962e-02 -1.544295978546142578e+01 -3.692032992839813232e-01 -6.836549192667007446e-02 -9.268305897712707520e-01 8.270144462585449219e+00
-9.200881719589233398e-01 1.406705006957054138e-02 3.914586007595062256e-01 1.773567962646484375e+02 -1.378513965755701065e-02 9.975730776786804199e-01 -6.824850291013717651e-02 -1.564894962310791016e+01 -3.914686143398284912e-01 -6.819093972444534302e-02 -9.176613092422485352e-01 5.917092800140380859e+00
-9.082934856414794922e-01 1.851377077400684357e-02 4.179236888885498047e-01 1.783813934326171875e+02 -1.149285025894641876e-02 9.975388050079345703e-01 -6.916835904121398926e-02 -1.585595989227294922e+01 -4.181756079196929932e-01 -6.762830168008804321e-02 -9.058451056480407715e-01 3.587553024291992188e+00
-8.954346776008605957e-01 2.025719918310642242e-02 4.447318911552429199e-01 1.794976043701171875e+02 -1.042714994400739670e-02 9.977359175682067871e-01 -6.644043326377868652e-02 -1.605748939514160156e+01 -4.450708925724029541e-01 -6.413034349679946899e-02 -8.931959867477416992e-01 1.286303043365478516e+00
-8.811820149421691895e-01 2.466797083616256714e-02 4.721333086490631104e-01 1.806757965087890625e+02 -6.112155970185995102e-03 9.979599714279174805e-01 -6.354896724224090576e-02 -1.625068092346191406e+01 -4.727376997470855713e-01 -5.888395011425018311e-02 -8.792335987091064453e-01 -9.718759059906005859e-01
-8.652660250663757324e-01 2.933019027113914490e-02 5.004544258117675781e-01 1.819123992919921875e+02 4.676872049458324909e-05 9.982916712760925293e-01 -5.842616036534309387e-02 -1.644108009338378906e+01 -5.013130903244018555e-01 -5.053075030446052551e-02 -8.637892007827758789e-01 -3.175741910934448242e+00
-8.457803726196289062e-01 3.547323122620582581e-02 5.323507189750671387e-01 1.832059936523437500e+02 6.694286130368709564e-03 9.984142780303955078e-01 -5.589377880096435547e-02 -1.662888908386230469e+01 -5.334892868995666504e-01 -4.371013864874839783e-02 -8.446766138076782227e-01 -5.312670230865478516e+00
-8.235014081001281738e-01 4.043437913060188293e-02 5.658714771270751953e-01 1.845606994628906250e+02 1.185434963554143906e-02 9.984654784202575684e-01 -5.409403145313262939e-02 -1.678878021240234375e+01 -5.671904087066650391e-01 -3.783845901489257812e-02 -8.227168917655944824e-01 -7.384682178497314453e+00
