1.000000000000000000e+00 -1.822834938547401862e-10 5.241110878628774117e-10 -5.551115123125782702e-17 -1.822834938547401862e-10 9.999998807907104492e-01 -5.072854913912294705e-10 -3.330669073875469621e-16 5.241110878628774117e-10 -5.072854913912294705e-10 9.999998807907104492e-01 2.220446049250313081e-16
9.999967813491821289e-01 -1.383963972330093384e-03 2.129266038537025452e-03 -1.699529029428958893e-02 1.395069994032382965e-03 9.999852776527404785e-01 -5.223266780376434326e-03 -3.304158151149749756e-02 -2.122005913406610489e-03 5.226219072937965393e-03 9.999840259552001953e-01 1.924885034561157227e+00
9.999893903732299805e-01 -4.378257784992456436e-03 1.426927978172898293e-03 -4.462737962603569031e-02 4.370281938463449478e-03 9.999750256538391113e-01 5.546373780816793442e-03 -9.503620862960815430e-02 -1.451174961403012276e-03 -5.540078971534967422e-03 9.999834895133972168e-01 3.848311901092529297e+00
9.999328851699829102e-01 -1.154122035950422287e-02 -9.928825311362743378e-04 -6.458549201488494873e-02 1.154281012713909149e-02 9.999319911003112793e-01 1.608232036232948303e-03 -1.448705047369003296e-01 9.742552065290510654e-04 -1.619584974832832813e-03 9.999980926513671875e-01 5.738957881927490234e+00
9.999306797981262207e-01 -1.148261036723852158e-02 -2.596192993223667145e-03 -8.936429023742675781e-02 1.147713046520948410e-02 9.999318122863769531e-01 -2.115606097504496574e-03 -1.678813993930816650e-01 2.620310056954622269e-03 2.085661981254816055e-03 9.999942779541015625e-01 7.606156826019287109e+00
9.999331831932067871e-01 -1.074627973139286041e-02 -4.252912010997533798e-03 -1.141316965222358704e-01 1.075959019362926483e-02 9.999371767044067383e-01 3.119013970717787743e-03 -1.865848004817962646e-01 4.219129215925931931e-03 -3.164565889164805412e-03 9.999859929084777832e-01 9.465867996215820312e+00
9.999051094055175781e-01 -1.246298011392354965e-02 -5.868031177669763565e-03 -1.421944946050643921e-01 1.249286998063325882e-02 9.999089837074279785e-01 5.084305070340633392e-03 -1.997185051441192627e-01 5.804133135825395584e-03 -5.157132167369127274e-03 9.999697804450988770e-01 1.133952045440673828e+01
9.998890161514282227e-01 -1.287235971540212631e-02 -7.500846870243549347e-03 -1.693122982978820801e-01 1.289812009781599045e-02 9.999110102653503418e-01 3.394724102690815926e-03 -2.354858070611953735e-01 7.456482853740453720e-03 -3.491094103083014488e-03 9.999660253524780273e-01 1.313325023651123047e+01
9.998368024826049805e-01 -1.468698959797620773e-02 -1.051998045295476913e-02 -1.992845982313156128e-01 1.468671020120382309e-02 9.998921155929565430e-01 -1.034110027831047773e-04 -2.760573923587799072e-01 1.052036974579095840e-02 -5.111080827191472054e-05 9.999446272850036621e-01 1.494552040100097656e+01
9.998220205307006836e-01 -1.304143015295267105e-02 -1.363680977374315262e-02 -2.367130070924758911e-01 1.302122045308351517e-02 9.999138712882995605e-01 -1.569338026456534863e-03 -2.933610081672668457e-01 1.365610957145690918e-02 1.391488942317664623e-03 9.999057054519653320e-01 1.674308967590332031e+01
9.997832179069519043e-01 -1.213664002716541290e-02 -1.691845059394836426e-02 -2.730779051780700684e-01 1.212689001113176346e-02 9.999262094497680664e-01 -6.787551101297140121e-04 -3.044055104255676270e-01 1.692545041441917419e-02 4.734385875053703785e-04 9.998565912246704102e-01 1.852684020996093750e+01
9.997407197952270508e-01 -1.132285967469215393e-02 -1.975877024233341217e-02 -3.146033883094787598e-01 1.134559046477079391e-02 9.999349713325500488e-01 1.038627000525593758e-03 -3.236882090568542480e-01 1.974572986364364624e-02 -1.262533944100141525e-03 9.998041987419128418e-01 2.029478073120117188e+01
9.996529221534729004e-01 -1.268780045211315155e-02 -2.308809012174606323e-02 -3.517749011516571045e-01 1.269884966313838959e-02 9.999191761016845703e-01 3.318072995170950890e-04 -3.205088973045349121e-01 2.308201976120471954e-02 -6.248852005228400230e-04 9.997333288192749023e-01 2.203792953491210938e+01
9.996067881584167480e-01 -1.236724015325307846e-02 -2.516463026404380798e-02 -3.933683931827545166e-01 1.244025956839323044e-02 9.999188184738159180e-01 2.747128950431942940e-03 -3.159266114234924316e-01 2.512861974537372589e-02 -3.059102920815348625e-03 9.996795058250427246e-01 2.375773048400878906e+01
9.995560050010681152e-01 -1.327669993042945862e-02 -2.667519077658653259e-02 -4.280327856540679932e-01 1.346664968878030777e-02 9.998850822448730469e-01 6.953738164156675339e-03 -3.057383000850677490e-01 2.657979913055896759e-02 -7.309875916689634323e-03 9.996199011802673340e-01 2.544218063354492188e+01
9.995372295379638672e-01 -1.142993010580539703e-02 -2.819322049617767334e-02 -4.690774083137512207e-01 1.151921972632408142e-02 9.999290704727172852e-01 3.006464103236794472e-03 -2.930490076541900635e-01 2.815685980021953583e-02 -3.329836996272206306e-03 9.995979070663452148e-01 2.708036994934082031e+01
9.995005130767822266e-01 -1.020424999296665192e-02 -2.990978956222534180e-02 -5.147234201431274414e-01 1.023690029978752136e-02 9.999470710754394531e-01 9.386492893099784851e-04 -2.982766926288604736e-01 2.989863976836204529e-02 -1.244365004822611809e-03 9.995520710945129395e-01 2.866957092285156250e+01
9.993979930877685547e-01 -1.011999975889921188e-02 -3.318481892347335815e-02 -5.610501766204833984e-01 1.012245006859302521e-02 9.999486804008483887e-01 -9.415537351742386818e-05 -3.024561107158660889e-01 3.318408131599426270e-02 -2.418140065856277943e-04 9.994491934776306152e-01 3.022665023803710938e+01
9.992572069168090820e-01 -1.045439019799232483e-02 -3.709049895405769348e-02 -6.098827123641967773e-01 1.048559043556451797e-02 9.999446868896484375e-01 6.466131890192627907e-04 -2.849459946155548096e-01 3.708168864250183105e-02 -1.035048975609242916e-03 9.993116259574890137e-01 3.175330924987792969e+01
9.991165995597839355e-01 -9.676450863480567932e-03 -4.089457169175148010e-02 -6.694970130920410156e-01 9.870612993836402893e-03 9.999408721923828125e-01 4.548578988760709763e-03 -2.913154959678649902e-01 4.084813967347145081e-02 -4.948216024786233902e-03 9.991530179977416992e-01 3.323490142822265625e+01
9.989870786666870117e-01 -5.570436827838420868e-03 -4.465125128626823425e-02 -7.475972175598144531e-01 5.752148106694221497e-03 9.999756217002868652e-01 3.942092880606651306e-03 -3.011808991432189941e-01 4.462821036577224731e-02 -4.194940906018018723e-03 9.989948272705078125e-01 3.470352935791015625e+01
9.988446831703186035e-01 -3.602321958169341087e-03 -4.792023822665214539e-02 -8.225011229515075684e-01 3.824192099273204803e-03 9.999822974205017090e-01 4.539097193628549576e-03 -2.935002148151397705e-01 4.790304973721504211e-02 -4.717108793556690216e-03 9.988408088684082031e-01 3.608573150634765625e+01
9.988037943840026855e-01 6.059603765606880188e-04 -4.889412969350814819e-02 -8.979840874671936035e-01 -2.707568055484443903e-04 9.999762773513793945e-01 6.862041074782609940e-03 -2.829222083091735840e-01 4.889713972806930542e-02 -6.840594112873077393e-03 9.987803101539611816e-01 3.744921112060546875e+01
9.989247918128967285e-01 5.352123174816370010e-03 -4.605101048946380615e-02 -9.662439823150634766e-01 -5.291339010000228882e-03 9.999849200248718262e-01 1.441746950149536133e-03 -2.643952071666717529e-01 4.605804011225700378e-02 -1.196525990962982178e-03 9.989380240440368652e-01 3.876354980468750000e+01
9.991413950920104980e-01 6.928143091499805450e-03 -4.084787145256996155e-02 -1.022966980934143066e+00 -6.919996812939643860e-03 9.999759197235107422e-01 3.408663033042103052e-04 -2.546908855438232422e-01 4.084924980998039246e-02 -5.790745854028500617e-05 9.991652965545654297e-01 4.003747940063476562e+01
9.993047714233398438e-01 1.641603931784629822e-02 -3.347332030534744263e-02 -1.082779049873352051e+00 -1.618093997240066528e-02 9.998425245285034180e-01 7.282551843672990799e-03 -2.559992969036102295e-01 3.358760103583335876e-02 -6.735858973115682602e-03 9.994130134582519531e-01 4.129211044311523438e+01
9.994043707847595215e-01 2.501999028027057648e-02 -2.376615069806575775e-02 -1.127462983131408691e+00 -2.483054995536804199e-02 9.996576905250549316e-01 8.233075961470603943e-03 -2.504926919937133789e-01 2.396401017904281616e-02 -7.638046052306890488e-03 9.996836185455322266e-01 4.247568893432617188e+01
9.993683099746704102e-01 3.372431173920631409e-02 -1.120754983276128769e-02 -1.156522989273071289e+00 -3.359318152070045471e-02 9.993671178817749023e-01 1.169024035334587097e-02 -2.461265027523040771e-01 1.159469969570636749e-02 -1.130636036396026611e-02 9.998688101768493652e-01 4.359238815307617188e+01
9.991738796234130859e-01 4.050787910819053650e-02 3.260896075516939163e-03 -1.165310978889465332e+00 -4.054268077015876770e-02 9.991124272346496582e-01 1.142537035048007965e-02 -2.460311055183410645e-01 -2.795184031128883362e-03 -1.154814008623361588e-02 9.999293088912963867e-01 4.462704849243164062e+01
9.986109733581542969e-01 4.932216182351112366e-02 1.853236928582191467e-02 -1.162119030952453613e+00 -4.947619885206222534e-02 9.987435936927795410e-01 7.946643978357315063e-03 -2.348501980304718018e-01 -1.811713911592960358e-02 -8.852517232298851013e-03 9.997966289520263672e-01 4.557447052001953125e+01
9.980778098106384277e-01 5.151562020182609558e-02 3.445098921656608582e-02 -1.139703989028930664e+00 -5.171684920787811279e-02 9.986492991447448730e-01 4.974723793566226959e-03 -2.380301058292388916e-01 -3.414819017052650452e-02 -6.746858824044466019e-03 9.993938803672790527e-01 4.643561935424804688e+01
9.973382949829101562e-01 5.274011939764022827e-02 5.034723132848739624e-02 -1.098158001899719238e+00 -5.316650867462158203e-02 9.985598921775817871e-01 7.166379131376743317e-03 -2.391746938228607178e-01 -4.989678040146827698e-02 -9.824090637266635895e-03 9.987059831619262695e-01 4.720455932617187500e+01
9.958317875862121582e-01 6.082298979163169861e-02 6.796721369028091431e-02 -1.059486985206604004e+00 -6.141123175621032715e-02 9.980906844139099121e-01 6.596948951482772827e-03 -2.404153943061828613e-01 -6.743621081113815308e-02 -1.074340008199214935e-02 9.976657032966613770e-01 4.787839889526367188e+01
9.942172765731811523e-01 6.384319067001342773e-02 8.634872734546661377e-02 -1.006263017654418945e+00 -6.469374895095825195e-02 9.978799223899841309e-01 7.085063029080629349e-03 -2.532705962657928467e-01 -8.571334928274154663e-02 -1.263030990958213806e-02 9.962397217750549316e-01 4.845087814331054688e+01
9.921379089355468750e-01 6.152264028787612915e-02 1.089835986495018005e-01 -9.369556903839111328e-01 -6.192852184176445007e-02 9.980804920196533203e-01 3.401550056878477335e-04 -2.675893008708953857e-01 -1.087535023689270020e-01 -7.086671888828277588e-03 9.940434098243713379e-01 4.897558975219726562e+01
9.883707165718078613e-01 6.431657075881958008e-02 1.377924978733062744e-01 -8.567414879798889160e-01 -6.411000341176986694e-02 9.979251027107238770e-01 -5.941497161984443665e-03 -2.805680036544799805e-01 -1.378888040781021118e-01 -2.961477963253855705e-03 9.904432296752929688e-01 4.948707962036132812e+01
9.830185770988464355e-01 6.669166684150695801e-02 1.709582954645156860e-01 -7.577117085456848145e-01 -6.621707230806350708e-02 9.977691173553466797e-01 -8.483377285301685333e-03 -2.915714085102081299e-01 -1.711426973342895508e-01 -2.981041092425584793e-03 9.852417111396789551e-01 4.998614883422851562e+01
9.757276773452758789e-01 6.503198295831680298e-02 2.091082930564880371e-01 -6.296551227569580078e-01 -6.433369219303131104e-02 9.978768229484558105e-01 -1.014671009033918381e-02 -3.022907972335815430e-01 -2.093241959810256958e-01 -3.552285023033618927e-03 9.778398275375366211e-01 5.047732925415039062e+01
9.659140110015869141e-01 6.760924309492111206e-02 2.498780936002731323e-01 -4.889211058616638184e-01 -6.623732298612594604e-02 9.977068901062011719e-01 -1.390550006181001663e-02 -3.117061853408813477e-01 -2.502453029155731201e-01 -3.119743894785642624e-03 9.681773781776428223e-01 5.094530105590820312e+01
9.522730708122253418e-01 7.018359750509262085e-02 2.970693111419677734e-01 -3.172191977500915527e-01 -6.815285980701446533e-02 9.975265264511108398e-01 -1.720101945102214813e-02 -3.255040943622589111e-01 -2.975417971611022949e-01 -3.866058075800538063e-03 9.547008872032165527e-01 5.142020034790039062e+01
9.334129095077514648e-01 7.549647986888885498e-02 3.507714867591857910e-01 -1.147139966487884521e-01 -7.333122938871383667e-02 9.971174001693725586e-01 -1.947296969592571259e-02 -3.439536988735198975e-01 -3.512305915355682373e-01 -7.546180859208106995e-03 9.362584948539733887e-01 5.190074920654296875e+01
9.095901846885681152e-01 7.427774369716644287e-02 4.088135063648223877e-01 1.309525966644287109e-01 -7.108894735574722290e-02 9.972044229507446289e-01 -2.301366068422794342e-02 -3.642720878124237061e-01 -4.093801081180572510e-01 -8.129123598337173462e-03 9.123277068138122559e-01 5.235594940185546875e+01
8.771442770957946777e-01 7.145360857248306274e-02 4.748814105987548828e-01 4.279778003692626953e-01 -6.473980844020843506e-02 9.974359273910522461e-01 -3.050079941749572754e-02 -3.824344873428344727e-01 -4.758431911468505859e-01 -3.990131895989179611e-03 8.795210123062133789e-01 5.280030822753906250e+01
8.354269266128540039e-01 7.568777352571487427e-02 5.443649291992187500e-01 7.701079249382019043e-01 -6.394527852535247803e-02 9.971309900283813477e-01 -4.050415009260177612e-02 -4.025973081588745117e-01 -5.458688735961914062e-01 -9.713071049191057682e-04 8.378700017929077148e-01 5.324411010742187500e+01
7.831649780273437500e-01 8.302927017211914062e-02 6.162456870079040527e-01 1.172292947769165039e+00 -6.828227639198303223e-02 9.965350031852722168e-01 -4.748968034982681274e-02 -4.302533864974975586e-01 -6.180536150932312012e-01 -4.886407870799303055e-03 7.861207723617553711e-01 5.369477081298828125e+01
7.198925018310546875e-01 8.857767283916473389e-02 6.884102225303649902e-01 1.658262014389038086e+00 -7.134170085191726685e-02 9.960132241249084473e-01 -5.355264991521835327e-02 -4.647130966186523438e-01 -6.904094219207763672e-01 -1.056020986288785934e-02 7.233418226242065430e-01 5.415343093872070312e+01
6.444402933120727539e-01 8.503335714340209961e-02 7.599117755889892578e-01 2.269728899002075195e+00 -6.511601060628890991e-02 9.962903261184692383e-01 -5.626251921057701111e-02 -4.777691066265106201e-01 -7.618770003318786621e-01 -1.322458963841199875e-02 6.475867033004760742e-01 5.458518981933593750e+01
5.561715960502624512e-01 8.472528308629989624e-02 8.267374038696289062e-01 2.973762989044189453e+00 -5.939500033855438232e-02 9.962981939315795898e-01 -6.214531138539314270e-02 -4.792757928371429443e-01 -8.289424180984497070e-01 -1.454060990363359451e-02 5.591449737548828125e-01 5.498382949829101562e+01
4.595567882061004639e-01 8.166094869375228882e-02 8.843861818313598633e-01 3.766144990921020508e+00 -5.479782074689865112e-02 9.964739084243774414e-01 -6.353594362735748291e-02 -4.913921058177947998e-01 -8.864563107490539551e-01 -1.926405914127826691e-02 4.624111950397491455e-01 5.533541107177734375e+01
3.597339987754821777e-01 7.961124926805496216e-02 9.296522736549377441e-01 4.641416072845458984e+00 -5.780823901295661926e-02 9.963408112525939941e-01 -6.295295804738998413e-02 -5.396177172660827637e-01 -9.312623739242553711e-01 -3.109524026513099670e-02 3.630199134349822998e-01 5.561845016479492188e+01
2.636125981807708740e-01 7.622493803501129150e-02 9.616122245788574219e-01 5.585536003112792969e+00 -4.431945830583572388e-02 9.967772960662841797e-01 -6.686285138130187988e-02 -5.957735180854797363e-01 -9.636099934577941895e-01 -2.499224059283733368e-02 2.661412954330444336e-01 5.580226898193359375e+01
1.770423054695129395e-01 6.939966976642608643e-02 9.817532896995544434e-01 6.612371921539306641e+00 -2.180619910359382629e-02 9.975425004959106445e-01 -6.658343970775604248e-02 -6.532413959503173828e-01 -9.839617013931274414e-01 -9.620225988328456879e-03 1.781205981969833374e-01 5.590280151367187500e+01
1.074817031621932983e-01 7.204207777976989746e-02 9.915934205055236816e-01 7.658630847930908203e+00 -8.852841332554817200e-03 9.974008798599243164e-01 -7.150443643331527710e-02 -7.242890000343322754e-01 -9.941676855087280273e-01 -1.093002967536449432e-03 1.078400984406471252e-01 5.595412826538085938e+01
5.379933118820190430e-02 6.807410717010498047e-02 9.962285757064819336e-01 8.774944305419921875e+00 4.677949007600545883e-03 9.976453185081481934e-01 -6.842356175184249878e-02 -8.137508034706115723e-01 -9.985408186912536621e-01 8.341444656252861023e-03 5.335421115159988403e-02 5.597750854492187500e+01
1.874634996056556702e-02 7.007914036512374878e-02 9.973651766777038574e-01 9.933245658874511719e+00 1.331628020852804184e-02 9.974344968795776367e-01 -7.033430784940719604e-02 -9.020615816116333008e-01 -9.997355937957763672e-01 1.459970045834779739e-02 1.776506938040256500e-02 5.598181915283203125e+01
-6.190261803567409515e-03 7.029765844345092773e-02 9.975067973136901855e-01 1.113753986358642578e+01 1.431476045399904251e-02 9.974299073219299316e-01 -7.020342350006103516e-02 -9.965386986732482910e-01 -9.998784065246582031e-01 1.384449005126953125e-02 -7.180647924542427063e-03 5.597900009155273438e+01
-2.122260071337223053e-02 7.564821094274520874e-02 9.969086050987243652e-01 1.238276004791259766e+01 2.370386943221092224e-02 9.968910217285156250e-01 -7.514227181673049927e-02 -1.117194056510925293e+00 -9.994937777519226074e-01 2.203587070107460022e-02 -2.294977940618991852e-02 5.592953872680664062e+01
-2.969904989004135132e-02 7.235375046730041504e-02 9.969366788864135742e-01 1.367308044433593750e+01 2.153551019728183746e-02 9.971914291381835938e-01 -7.173070311546325684e-02 -1.217524051666259766e+00 -9.993268847465515137e-01 1.933920010924339294e-02 -3.117381036281585693e-02 5.588330078125000000e+01
-3.357981145381927490e-02 5.896572023630142212e-02 9.976950287818908691e-01 1.501321029663085938e+01 2.069200016558170319e-02 9.980850219726562500e-01 -5.829234048724174500e-02 -1.317428946495056152e+00 -9.992219209671020508e-01 1.868684962391853333e-02 -3.473562002182006836e-02 5.582149124145507812e+01
-3.372396156191825867e-02 5.922088027000427246e-02 9.976750016212463379e-01 1.638718032836914062e+01 2.647751942276954651e-02 9.979454278945922852e-01 -5.834193900227546692e-02 -1.417060971260070801e+00 -9.990804195404052734e-01 2.444843016564846039e-02 -3.522269055247306824e-02 5.574074172973632812e+01
-3.087265044450759888e-02 7.512681931257247925e-02 9.966958761215209961e-01 1.778471946716308594e+01 2.832330018281936646e-02 9.968364834785461426e-01 -7.426013052463531494e-02 -1.502436995506286621e+00 -9.991220235824584961e-01 2.593711018562316895e-02 -3.290282934904098511e-02 5.567210006713867188e+01
-2.666060999035835266e-02 7.158414274454116821e-02 9.970781207084655762e-01 1.924155044555664062e+01 2.859289012849330902e-02 9.970791935920715332e-01 -7.081969082355499268e-02 -1.593907952308654785e+00 -9.992355704307556152e-01 2.662123925983905792e-02 -2.862953022122383118e-02 5.561502838134765625e+01
-2.154982089996337891e-02 6.329704076051712036e-02 9.977620244026184082e-01 2.071281051635742188e+01 2.585577033460140228e-02 9.976952075958251953e-01 -6.273438781499862671e-02 -1.696725010871887207e+00 -9.994333982467651367e-01 2.444598078727722168e-02 -2.313674055039882660e-02 5.556903839111328125e+01
-1.465584989637136459e-02 7.434464991092681885e-02 9.971247911453247070e-01 2.216713905334472656e+01 3.594039008021354675e-02 9.966266751289367676e-01 -7.377927005290985107e-02 -1.787932038307189941e+00 -9.992464780807495117e-01 3.475575149059295654e-02 -1.727839000523090363e-02 5.551010894775390625e+01
-9.302732534706592560e-03 7.218495756387710571e-02 9.973477721214294434e-01 2.363216018676757812e+01 2.558214962482452393e-02 9.970816969871520996e-01 -7.192709296941757202e-02 -1.895774960517883301e+00 -9.996294975280761719e-01 2.484516985714435577e-02 -1.112223044037818909e-02 5.550164031982421875e+01
-1.251911045983433723e-03 6.911428272724151611e-02 9.976078867912292480e-01 2.511164093017578125e+01 3.420447185635566711e-02 9.970278739929199219e-01 -6.903118640184402466e-02 -2.008471012115478516e+00 -9.994140863418579102e-01 3.403621912002563477e-02 -3.612207947298884392e-03 5.546361923217773438e+01
5.331076215952634811e-03 7.446070015430450439e-02 9.972096085548400879e-01 2.656805992126464844e+01 3.017782978713512421e-02 9.967576265335083008e-01 -7.458829879760742188e-02 -2.113697052001953125e+00 -9.995303750038146973e-01 3.049124963581562042e-02 3.066727891564369202e-03 5.547261810302734375e+01
1.307641994208097458e-02 7.048501074314117432e-02 9.974269866943359375e-01 2.804413032531738281e+01 3.351330012083053589e-02 9.969210028648376465e-01 -7.088863104581832886e-02 -2.226546049118041992e+00 -9.993528127670288086e-01 3.435403853654861450e-02 1.067398022860288620e-02 5.549768066406250000e+01
2.071774937212467194e-02 7.126873731613159180e-02 9.972419142723083496e-01 2.951231956481933594e+01 4.090595990419387817e-02 9.965602755546569824e-01 -7.206986844539642334e-02 -2.343893051147460938e+00 -9.989482164382934570e-01 4.228625074028968811e-02 1.773116923868656158e-02 5.552231979370117188e+01
2.700453065335750580e-02 7.039721310138702393e-02 9.971534013748168945e-01 3.098558998107910156e+01 4.270771890878677368e-02 9.965251088142395020e-01 -7.150945812463760376e-02 -2.445221900939941406e+00 -9.987226128578186035e-01 4.451721906661987305e-02 2.390418946743011475e-02 5.554859161376953125e+01
3.356628865003585815e-02 6.985875219106674194e-02 9.969918727874755859e-01 3.246495056152343750e+01 4.308927059173583984e-02 9.965254068374633789e-01 -7.127677649259567261e-02 -2.537442922592163086e+00 -9.985072016716003418e-01 4.535213857889175415e-02 3.043949045240879059e-02 5.558465957641601562e+01
3.950202092528343201e-02 7.135192304849624634e-02 9.966685771942138672e-01 3.395101165771484375e+01 4.213026165962219238e-02 9.964411854743957520e-01 -7.300545275211334229e-02 -2.620600938796997070e+00 -9.983310103416442871e-01 4.487375915050506592e-02 3.635536879301071167e-02 5.563975143432617188e+01
4.429262876510620117e-02 7.181466370820999146e-02 9.964339733123779297e-01 3.544252014160156250e+01 3.837120160460472107e-02 9.965546131134033203e-01 -7.352899760007858276e-02 -2.711893081665039062e+00 -9.982814788818359375e-01 4.149115085601806641e-02 4.138441011309623718e-02 5.570930099487304688e+01
5.077074840664863586e-02 7.342346757650375366e-02 9.960076212882995605e-01 3.695093154907226562e+01 3.333448991179466248e-02 9.966135025024414062e-01 -7.516735047101974487e-02 -2.812392950057983398e+00 -9.981539249420166016e-01 3.701769933104515076e-02 4.815128073096275330e-02 5.578704071044921875e+01
5.735005065798759460e-02 7.908020168542861938e-02 9.952170848846435547e-01 3.846575164794921875e+01 3.198206052184104919e-02 9.962006807327270508e-01 -8.100134879350662231e-02 -2.922991991043090820e+00 -9.978417754173278809e-01 3.647451847791671753e-02 5.460299924015998840e-02 5.586854934692382812e+01
6.297841668128967285e-02 8.056066185235977173e-02 9.947580099105834961e-01 4.000220108032226562e+01 2.229849994182586670e-02 9.963743090629577637e-01 -8.210328966379165649e-02 -3.024315118789672852e+00 -9.977657794952392578e-01 2.735234051942825317e-02 6.095369905233383179e-02 5.597631072998046875e+01
7.069429755210876465e-02 8.200655877590179443e-02 9.941213130950927734e-01 4.155550003051757812e+01 2.387540042400360107e-02 9.961900711059570312e-01 -8.387508243322372437e-02 -3.135919094085693359e+00 -9.972122907638549805e-01 2.966452017426490784e-02 6.846702098846435547e-02 5.607788085937500000e+01
7.831116020679473877e-02 8.192870020866394043e-02 9.935566782951354980e-01 4.313031005859375000e+01 1.900905929505825043e-02 9.963133931159973145e-01 -8.365430682897567749e-02 -3.244326114654541016e+00 -9.967477917671203613e-01 2.543764002621173859e-02 7.646507024765014648e-02 5.620333099365234375e+01
8.814603090286254883e-02 8.493965864181518555e-02 9.924793839454650879e-01 4.471371841430664062e+01 1.544655021280050278e-02 9.961212873458862305e-01 -8.662323653697967529e-02 -3.352539062500000000e+00 -9.959877729415893555e-01 2.296587079763412476e-02 8.649212121963500977e-02 5.634391021728515625e+01
1.017000973224639893e-01 9.855421632528305054e-02 9.899212121963500977e-01 4.630755996704101562e+01 1.204008981585502625e-02 9.948858022689819336e-01 -1.002854034304618835e-01 -3.461241006851196289e+00 -9.947422742843627930e-01 2.211776934564113617e-02 9.999337792396545410e-02 5.650809860229492188e+01
1.158007979393005371e-01 9.873063117265701294e-02 9.883533120155334473e-01 4.791410827636718750e+01 4.086352884769439697e-03 9.949917793273925781e-01 -9.987256675958633423e-02 -3.592468023300170898e+00 -9.932640790939331055e-01 1.560407970100641251e-02 1.148174032568931580e-01 5.670663070678710938e+01
1.306561976671218872e-01 9.388207644224166870e-02 9.869725704193115234e-01 4.954067993164062500e+01 3.680756082758307457e-03 9.954535961151123047e-01 -9.517607092857360840e-02 -3.727642059326171875e+00 -9.914209246635437012e-01 1.606814004480838776e-02 1.297166049480438232e-01 5.692161941528320312e+01
1.452465057373046875e-01 8.101517707109451294e-02 9.860728979110717773e-01 5.116788101196289062e+01 -7.262736908160150051e-04 9.966502785682678223e-01 -8.177725225687026978e-02 -3.850123882293701172e+00 -9.893953204154968262e-01 1.116168964654207230e-02 1.448187977075576782e-01 5.716786956787109375e+01
1.599738001823425293e-01 8.035846799612045288e-02 9.838448762893676758e-01 5.277378845214843750e+01 -1.057040994055569172e-03 9.966942071914672852e-01 -8.123611658811569214e-02 -3.968024969100952148e+00 -9.871206879615783691e-01 1.195568032562732697e-02 1.595298945903778076e-01 5.742490005493164062e+01
1.708588004112243652e-01 9.069895744323730469e-02 9.811120033264160156e-01 5.434318161010742188e+01 -1.860033953562378883e-03 9.957820177078247070e-01 -9.173122048377990723e-02 -4.082522869110107422e+00 -9.852938055992126465e-01 1.384817995131015778e-02 1.703068017959594727e-01 5.769850921630859375e+01
1.809516996145248413e-01 9.250327944755554199e-02 9.791319966316223145e-01 5.587052917480468750e+01 -5.855984985828399658e-03 9.956504702568054199e-01 -9.298165142536163330e-02 -4.204409122467041016e+00 -9.834746122360229492e-01 1.109141018241643906e-02 1.807063966989517212e-01 5.797949981689453125e+01
1.908189058303833008e-01 8.315479755401611328e-02 9.780967831611633301e-01 5.738911056518554688e+01 -1.183556974865496159e-03 9.964241981506347656e-01 -8.448205888271331787e-02 -4.318314075469970703e+00 -9.816246032714843750e-01 1.496312953531742096e-02 1.902350038290023804e-01 5.826250839233398438e+01
1.969009935855865479e-01 7.301811873912811279e-02 9.777004718780517578e-01 5.887601089477539062e+01 -6.793476175516843796e-03 9.973003864288330078e-01 -7.311377674341201782e-02 -4.420802116394042969e+00 -9.803999066352844238e-01 7.754188962280750275e-03 1.968654990196228027e-01 5.856726837158203125e+01
2.021927982568740845e-01 7.573446631431579590e-02 9.764128923416137695e-01 6.031245040893554688e+01 -1.049868017435073853e-02 9.971156716346740723e-01 -7.516624033451080322e-02 -4.516372203826904297e+00 -9.792894721031188965e-01 4.947023931890726089e-03 2.024046927690505981e-01 5.886608886718750000e+01
2.054345011711120605e-01 8.430510014295578003e-02 9.750329256057739258e-01 6.170436096191406250e+01 -1.627995073795318604e-02 9.964392781257629395e-01 -8.272589743137359619e-02 -4.614787101745605469e+00 -9.785354733467102051e-01 1.121268956921994686e-03 2.060755044221878052e-01 5.917237854003906250e+01
2.090407013893127441e-01 9.129393100738525391e-02 9.736360907554626465e-01 6.305593109130859375e+01 -1.639693044126033783e-02 9.958199262619018555e-01 -8.985359966754913330e-02 -4.706378936767578125e+00 -9.777694940567016602e-01 2.818410051986575127e-03 2.096637934446334839e-01 5.946842956542968750e+01
2.108259946107864380e-01 8.823280781507492065e-02 9.735333919525146484e-01 6.438159942626953125e+01 -1.866585947573184967e-02 9.960998296737670898e-01 -8.623582124710083008e-02 -4.814706802368164062e+00 -9.773454070091247559e-01 8.912483281164895743e-06 2.116506993770599365e-01 5.976018905639648438e+01
2.110650986433029175e-01 8.443185687065124512e-02 9.738186001777648926e-01 6.567175292968750000e+01 -1.792304962873458862e-02 9.964292049407958984e-01 -8.250761777162551880e-02 -4.913384914398193359e+00 -9.773076772689819336e-01 -3.931828905479051173e-05 2.118247002363204956e-01 6.003522109985351562e+01
2.077765017747879028e-01 8.441024273633956909e-02 9.745274186134338379e-01 6.692208099365234375e+01 -1.912969909608364105e-02 9.964298009872436523e-01 -8.222877979278564453e-02 -5.018319129943847656e+00 -9.779893159866333008e-01 -1.557211973704397678e-03 2.086493968963623047e-01 6.029835891723632812e+01
2.031289041042327881e-01 9.132169932126998901e-02 9.748839735984802246e-01 6.812017822265625000e+01 -1.842777058482170105e-02 9.958212971687316895e-01 -8.944337069988250732e-02 -5.130339145660400391e+00 -9.789785742759704590e-01 2.035991929005831480e-04 2.039629966020584106e-01 6.055435943603515625e+01
1.991931945085525513e-01 9.078018367290496826e-02 9.757462739944458008e-01 6.930307006835937500e+01 -1.683966070413589478e-02 9.958699941635131836e-01 -8.921471238136291504e-02 -5.231854915618896484e+00 -9.798156023025512695e-01 1.339723006822168827e-03 1.998991966247558594e-01 6.080308914184570312e+01
1.945331990718841553e-01 8.356130123138427734e-02 9.773300886154174805e-01 7.044995117187500000e+01 -1.685792021453380585e-02 9.965023994445800781e-01 -8.184503763914108276e-02 -5.342758178710937500e+00 -9.807510972023010254e-01 -5.541833816096186638e-04 1.952614933252334595e-01 6.103300094604492188e+01
1.909839063882827759e-01 8.458246290683746338e-02 9.779421091079711914e-01 7.154537963867187500e+01 -9.556652978062629700e-03 9.963935017585754395e-01 -8.431199938058853149e-02 -5.440827846527099609e+00 -9.815467000007629395e-01 6.756381131708621979e-03 1.911035031080245972e-01 6.124382019042968750e+01
1.869668066501617432e-01 8.883578330278396606e-02 9.783412218093872070e-01 7.262287139892578125e+01 -6.447482854127883911e-03 9.959921836853027344e-01 -8.920639753341674805e-02 -5.532216072082519531e+00 -9.823451042175292969e-01 1.037080027163028717e-02 1.867903023958206177e-01 6.145077896118164062e+01
1.845375001430511475e-01 8.926813304424285889e-02 9.787629842758178711e-01 7.370114135742187500e+01 -4.887308925390243530e-03 9.959375262260437012e-01 -8.991310000419616699e-02 -5.630169868469238281e+00 -9.828134179115295410e-01 1.180882006883621216e-02 1.842240989208221436e-01 6.165700912475585938e+01
1.879927068948745728e-01 8.647239208221435547e-02 9.783563017845153809e-01 7.478759002685546875e+01 6.455633789300918579e-03 9.959864020347595215e-01 -8.927109837532043457e-02 -5.720799922943115234e+00 -9.821493029594421387e-01 2.309821918606758118e-02 1.866798996925354004e-01 6.184178161621093750e+01
1.934203952550888062e-01 8.506894111633300781e-02 9.774209260940551758e-01 7.588674163818359375e+01 5.714224185794591904e-03 9.961193203926086426e-01 -8.782713115215301514e-02 -5.817061901092529297e+00 -9.810994267463684082e-01 2.257275953888893127e-02 1.921837031841278076e-01 6.205820846557617188e+01
2.058043926954269409e-01 8.467054367065429688e-02 9.749231934547424316e-01 7.699259948730468750e+01 6.227646023035049438e-03 9.961162805557250977e-01 -8.782578259706497192e-02 -5.912287235260009766e+00 -9.785733819007873535e-01 2.414640039205551147e-02 2.044778019189834595e-01 6.229135131835937500e+01
2.221288979053497314e-01 8.323104679584503174e-02 9.714583158493041992e-01 7.812867736816406250e+01 5.261109210550785065e-03 9.962329864501953125e-01 -8.655665069818496704e-02 -6.008758068084716797e+00 -9.750031828880310059e-01 2.433766983449459076e-02 2.208541929721832275e-01 6.255305099487304688e+01
2.409913986921310425e-01 8.249252289533615112e-02 9.670150279998779297e-01 7.928501892089843750e+01 -1.509137946413829923e-04 9.963842034339904785e-01 -8.496031165122985840e-02 -6.107864856719970703e+00 -9.705272912979125977e-01 2.032876946032047272e-02 2.401324957609176636e-01 6.284579849243164062e+01
2.600305080413818359e-01 8.867052942514419556e-02 9.615203738212585449e-01 8.045339965820312500e+01 -8.288987912237644196e-03 9.959430098533630371e-01 -8.960331976413726807e-02 -6.192814826965332031e+00 -9.655649065971374512e-01 1.532956026494503021e-02 2.597104907035827637e-01 6.317985153198242188e+01
2.810513973236083984e-01 9.255690872669219971e-02 9.552189111709594727e-01 8.165467834472656250e+01 -1.440018042922019958e-02 9.956330060958862305e-01 -9.223596006631851196e-02 -6.285674095153808594e+00 -9.595847129821777344e-01 1.216772012412548065e-02 2.811568975448608398e-01 6.354111099243164062e+01
3.012085855007171631e-01 9.423416852951049805e-02 9.488905072212219238e-01 8.289508819580078125e+01 -1.847524009644985199e-02 9.954947829246520996e-01 -9.299781173467636108e-02 -6.371172904968261719e+00 -9.533792734146118164e-01 1.048075035214424133e-02 3.015925884246826172e-01 6.394807815551757812e+01
3.221018910408020020e-01 8.973348140716552734e-02 9.424425959587097168e-01 8.419403076171875000e+01 -2.158695086836814880e-02 9.959350228309631348e-01 -8.744885772466659546e-02 -6.458456993103027344e+00 -9.464588761329650879e-01 7.822978310286998749e-03 3.227297067642211914e-01 6.439981079101562500e+01
3.440229892730712891e-01 7.757897675037384033e-02 9.357507824897766113e-01 8.553875732421875000e+01 -1.656435057520866394e-02 9.969272017478942871e-01 -7.656109333038330078e-02 -6.545009136199951172e+00 -9.388151168823242188e-01 1.083866972476243973e-02 3.442508876323699951e-01 6.488813781738281250e+01
3.632093071937561035e-01 7.047665119171142578e-02 9.290382266044616699e-01 8.692745971679687500e+01 -1.006274018436670303e-02 9.973735213279724121e-01 -7.172652333974838257e-02 -6.605047225952148438e+00 -9.316533207893371582e-01 1.670305989682674408e-02 3.629645109176635742e-01 6.542839813232421875e+01
3.795424103736877441e-01 5.699200928211212158e-02 9.234172105789184570e-01 8.835787200927734375e+01 5.138607230037450790e-03 9.979555010795593262e-01 -6.370449066162109375e-02 -6.646336078643798828e+00 -9.251601099967956543e-01 2.892363071441650391e-02 3.784736096858978271e-01 6.599340820312500000e+01
3.941549062728881836e-01 5.312215909361839294e-02 9.175074100494384766e-01 8.979244232177734375e+01 1.280626002699136734e-02 9.979135990142822266e-01 -6.327904015779495239e-02 -6.725360870361328125e+00 -9.189547896385192871e-01 3.669157996773719788e-02 3.926523029804229736e-01 6.659944152832031250e+01
4.091353118419647217e-01 6.372032314538955688e-02 9.102460741996765137e-01 9.121810150146484375e+01 1.973854936659336090e-02 9.967072010040283203e-01 -7.864493876695632935e-02 -6.813376903533935547e+00 -9.122602939605712891e-01 5.014334991574287415e-02 4.065302908420562744e-01 6.722868347167968750e+01
4.188452064990997314e-01 6.732449680566787720e-02 9.055584073066711426e-01 9.260903930664062500e+01 9.204077534377574921e-03 9.968817234039306641e-01 -7.837115228176116943e-02 -6.914271831512451172e+00 -9.080110192298889160e-01 4.116019979119300842e-02 4.169194996356964111e-01 6.790370941162109375e+01
4.270381927490234375e-01 7.405486702919006348e-02 9.011958837509155273e-01 9.396130371093750000e+01 2.044972032308578491e-03 9.965590238571166992e-01 -8.286026865243911743e-02 -7.034880161285400391e+00 -9.042313098907470703e-01 3.722741082310676575e-02 4.254173040390014648e-01 6.858083343505859375e+01
4.345563948154449463e-01 8.123113214969635010e-02 8.969739079475402832e-01 9.527545928955078125e+01 -4.290525801479816437e-03 9.960997104644775391e-01 -8.812948316335678101e-02 -7.183013916015625000e+00 -9.006345272064208984e-01 3.444873169064521790e-02 4.332099854946136475e-01 6.924819946289062500e+01
4.428541958332061768e-01 7.591395825147628784e-02 8.933740258216857910e-01 9.658341979980468750e+01 -4.416793119162321091e-03 9.965816736221313477e-01 -8.249454945325851440e-02 -7.329267978668212891e+00 -8.965827822685241699e-01 3.258720040321350098e-02 4.416756927967071533e-01 6.991298675537109375e+01
4.498127996921539307e-01 7.264084368944168091e-02 8.901637792587280273e-01 9.784561157226562500e+01 -6.223302800208330154e-03 9.969176054000854492e-01 -7.820764929056167603e-02 -7.469535827636718750e+00 -8.931012153625488281e-01 2.963903918862342834e-02 4.488782882690429688e-01 7.056974792480468750e+01
4.559167027473449707e-01 7.493501156568527222e-02 8.868622183799743652e-01 9.903308868408203125e+01 -6.874789018183946609e-03 9.967160224914550781e-01 -8.068288862705230713e-02 -7.592121124267578125e+00 -8.899958729743957520e-01 3.068768046796321869e-02 4.549345970153808594e-01 7.119792938232421875e+01
4.597856104373931885e-01 7.210194319486618042e-02 8.850979804992675781e-01 1.002121963500976562e+02 -2.867504023015499115e-03 9.968137145042419434e-01 -7.971294969320297241e-02 -7.709739208221435547e+00 -8.880254030227661133e-01 3.411284089088439941e-02 4.585272967815399170e-01 7.181620788574218750e+01
4.635939002037048340e-01 7.154756039381027222e-02 8.831542730331420898e-01 1.013529968261718750e+02 -3.114287042990326881e-03 9.968597888946533203e-01 -7.912450283765792847e-02 -7.823540210723876953e+00 -8.860422968864440918e-01 3.393122926354408264e-02 4.623610079288482666e-01 7.243264770507812500e+01
4.693304896354675293e-01 7.307267189025878906e-02 8.799937963485717773e-01 1.024447021484375000e+02 -1.109729986637830734e-03 9.966179728507995605e-01 -8.216504007577896118e-02 -7.943074226379394531e+00 -8.830218911170959473e-01 3.758599981665611267e-02 4.678243994712829590e-01 7.303235626220703125e+01
4.756810069084167480e-01 7.068725675344467163e-02 8.767728805541992188e-01 1.035114974975585938e+02 4.050498828291893005e-03 9.965791106224060059e-01 -8.254384249448776245e-02 -8.053689956665039062e+00 -8.796085715293884277e-01 4.281590133905410767e-02 4.737674891948699951e-01 7.362090301513671875e+01
4.823175966739654541e-01 6.935246288776397705e-02 8.732467293739318848e-01 1.045504989624023438e+02 6.467137951403856277e-03 9.965519905090332031e-01 -8.271723985671997070e-02 -8.139291763305664062e+00 -8.759726285934448242e-01 4.554338008165359497e-02 4.802060127258300781e-01 7.419587707519531250e+01
4.891732037067413330e-01 6.814586371183395386e-02 8.695203065872192383e-01 1.055640029907226562e+02 8.817026391625404358e-03 9.965056180953979492e-01 -8.305820077657699585e-02 -8.223750114440917969e+00 -8.721420764923095703e-01 4.829642176628112793e-02 4.868629872798919678e-01 7.476625823974609375e+01
4.974063932895660400e-01 6.960041075944900513e-02 8.647211194038391113e-01 1.065650024414062500e+02 1.039377041161060333e-02 9.962267279624938965e-01 -8.616387844085693359e-02 -8.308371543884277344e+00 -8.674554228782653809e-01 5.184616893529891968e-02 4.948061108589172363e-01 7.534310913085937500e+01
5.075845718383789062e-01 7.889658957719802856e-02 8.579819798469543457e-01 1.075402984619140625e+02 4.700684919953346252e-03 9.955301880836486816e-01 -9.432592242956161499e-02 -8.418747901916503906e+00 -8.615890741348266602e-01 5.191148072481155396e-02 5.049449205398559570e-01 7.592568969726562500e+01
5.194125175476074219e-01 9.210111200809478760e-02 8.495457172393798828e-01 1.085078964233398438e+02 -5.748399067670106888e-03 9.945287108421325684e-01 -1.043044999241828918e-01 -8.530282974243164062e+00 -8.545042872428894043e-01 4.929352179169654846e-02 5.171000957489013672e-01 7.653231048583984375e+01
5.311766862869262695e-01 9.671565145254135132e-02 8.417227864265441895e-01 1.094845962524414062e+02 -1.339558046311140060e-02 9.942978024482727051e-01 -1.057934015989303589e-01 -8.642338752746582031e+00 -8.471552133560180664e-01 4.491962864995002747e-02 5.294433832168579102e-01 7.716091918945312500e+01
5.422376990318298340e-01 9.312728047370910645e-02 8.350481986999511719e-01 1.104963989257812500e+02 -2.597825974225997925e-02 9.952216744422912598e-01 -9.412141144275665283e-02 -8.763094902038574219e+00 -8.398234844207763672e-01 2.934307046234607697e-02 5.420659184455871582e-01 7.782450866699218750e+01
