1.000000000000000000e+00 1.197624985294076794e-11 1.704637958566124212e-10 -5.551115123125782702e-17 1.197624985294076794e-11 1.000000000000000000e+00 3.562503070320133247e-10 0.000000000000000000e+00 1.704637958566124212e-10 3.562503070320133247e-10 1.000000000000000000e+00 2.220446049250313081e-16
9.999985098838806152e-01 -1.646346994675695896e-03 -5.538205150514841080e-04 4.448326071724295616e-04 1.647374941967427731e-03 9.999969005584716797e-01 1.859719050116837025e-03 -4.203318059444427490e-02 5.507573951035737991e-04 -1.860626973211765289e-03 9.999980926513671875e-01 2.625298976898193359e+00
9.999932050704956055e-01 -3.635348053649067879e-03 -6.434003007598221302e-04 2.777891932055354118e-03 3.635871922597289085e-03 9.999930262565612793e-01 8.141187718138098717e-04 -8.483760803937911987e-02 6.404365994967520237e-04 -8.164516766555607319e-04 9.999995231628417969e-01 5.261016845703125000e+00
9.999848008155822754e-01 -5.504052154719829559e-03 -4.169862077105790377e-04 7.571022026240825653e-03 5.505158100277185440e-03 9.999812245368957520e-01 2.694454044103622437e-03 -1.165874004364013672e-01 4.021482891403138638e-04 -2.696706913411617279e-03 9.999963045120239258e-01 7.908774852752685547e+00
9.999889135360717773e-01 -4.630870185792446136e-03 -8.604705799371004105e-04 7.728339172899723053e-03 4.632472060620784760e-03 9.999874830245971680e-01 1.867105020210146904e-03 -1.497648954391479492e-01 8.518138783983886242e-04 -1.871070009656250477e-03 9.999979138374328613e-01 1.056962966918945312e+01
9.999986290931701660e-01 1.543588005006313324e-03 -6.218670168891549110e-04 3.419395070523023605e-03 -1.544659025967121124e-03 9.999973177909851074e-01 -1.724972971715033054e-03 -1.767479926347732544e-01 6.192030850797891617e-04 1.725930953398346901e-03 9.999982714653015137e-01 1.324207973480224609e+01
9.999865293502807617e-01 5.189813207834959030e-03 -3.869434003718197346e-04 -5.851754918694496155e-03 -5.190149880945682526e-03 9.999861121177673340e-01 -8.728855755180120468e-04 -2.177602052688598633e-01 3.824082959908992052e-04 8.748826221562922001e-04 9.999995827674865723e-01 1.593066024780273438e+01
9.999995827674865723e-01 -8.993856026791036129e-04 2.524903975427150726e-04 4.827890079468488693e-04 8.983691805042326450e-04 9.999915957450866699e-01 3.998215775936841965e-03 -2.537474930286407471e-01 -2.560839056968688965e-04 -3.997986204922199249e-03 9.999920129776000977e-01 1.863468933105468750e+01
9.999868869781494141e-01 -5.119261797517538071e-03 -2.320355997653678060e-04 4.134686198085546494e-03 5.119134206324815750e-03 9.999867081642150879e-01 -5.539280828088521957e-04 -2.931092083454132080e-01 2.348685957258567214e-04 5.527336033992469311e-04 9.999998211860656738e-01 2.134127044677734375e+01
9.999992251396179199e-01 1.424852962372824550e-04 1.245424966327846050e-03 -7.369324099272489548e-03 -1.415313017787411809e-04 9.999997019767761230e-01 -7.660728879272937775e-04 -3.468118906021118164e-01 -1.245534047484397888e-03 7.658966933377087116e-04 9.999989271163940430e-01 2.407209968566894531e+01
9.999966025352478027e-01 -1.050891005434095860e-03 2.369238063693046570e-03 -5.061180796474218369e-03 1.037930021993815899e-03 9.999845027923583984e-01 5.465290043503046036e-03 -3.871398866176605225e-01 -2.374944975599646568e-03 -5.462810862809419632e-03 9.999822974205017090e-01 2.682029914855957031e+01
9.999803900718688965e-01 -5.933228880167007446e-03 1.984891947358846664e-03 5.281593184918165207e-03 5.930623039603233337e-03 9.999815225601196289e-01 1.317193033173680305e-03 -4.328976869583129883e-01 -1.992671051993966103e-03 -1.305395038798451424e-03 9.999971985816955566e-01 2.957011985778808594e+01
9.999908804893493652e-01 -2.864263020455837250e-03 3.173274919390678406e-03 6.827075965702533722e-03 2.868671901524066925e-03 9.999948740005493164e-01 -1.385712996125221252e-03 -4.850133061408996582e-01 -3.169290022924542427e-03 1.394803985022008419e-03 9.999939799308776855e-01 3.233531188964843750e+01
9.999933838844299316e-01 -1.021448988467454910e-03 3.498427104204893112e-03 1.017339993268251419e-02 1.035311957821249962e-03 9.999915957450866699e-01 -3.963091876357793808e-03 -5.431159734725952148e-01 -3.494350006803870201e-03 3.966688178479671478e-03 9.999859929084777832e-01 3.511082839965820312e+01
9.999955296516418457e-01 -1.889567065518349409e-04 2.986144041642546654e-03 1.511477958410978317e-02 1.891380961751565337e-04 1.000000000000000000e+00 -6.045351983630098403e-05 -5.999006032943725586e-01 -2.986131934449076653e-03 6.101873077568598092e-05 9.999955296516418457e-01 3.790589141845703125e+01
9.999824166297912598e-01 5.051550921052694321e-03 3.101410111412405968e-03 1.942948997020721436e-02 -5.049834959208965302e-03 9.999871253967285156e-01 -5.613031098619103432e-04 -6.437119841575622559e-01 -3.104205010458827019e-03 5.456323269754648209e-04 9.999949932098388672e-01 4.070436859130859375e+01
9.999614953994750977e-01 8.308310993015766144e-03 2.843620954081416130e-03 2.134430967271327972e-02 -8.308996446430683136e-03 9.999654293060302734e-01 2.285387017764151096e-04 -6.941319704055786133e-01 -2.841623965650796890e-03 -2.521566930226981640e-04 9.999958872795104980e-01 4.351858139038085938e+01
9.999778866767883301e-01 6.426237989217042923e-03 1.720933010801672935e-03 3.086036071181297302e-02 -6.424857769161462784e-03 9.999790191650390625e-01 -8.074730285443365574e-04 -7.390249967575073242e-01 -1.726084970869123936e-03 7.963989046402275562e-04 9.999982118606567383e-01 4.634127044677734375e+01
9.999818801879882812e-01 6.010564975440502167e-03 -2.411952009424567223e-04 3.359220921993255615e-02 -6.010374054312705994e-03 9.999815821647644043e-01 7.926520775072276592e-04 -7.839856147766113281e-01 2.459553943481296301e-04 -7.911872817203402519e-04 9.999997019767761230e-01 4.917963027954101562e+01
9.999749064445495605e-01 6.638250779360532761e-03 -2.479480113834142685e-03 2.895794995129108429e-02 -6.636600941419601440e-03 9.999777078628540039e-01 6.739965174347162247e-04 -8.265408277511596680e-01 2.483899937942624092e-03 -6.575234001502394676e-04 9.999967217445373535e-01 5.202830886840820312e+01
9.999753236770629883e-01 5.497091915458440781e-03 -4.387406166642904282e-03 2.082937955856323242e-02 -5.484305787831544876e-03 9.999806880950927734e-01 2.921094885095953941e-03 -8.668316006660461426e-01 4.403378814458847046e-03 -2.896959893405437469e-03 9.999861121177673340e-01 5.488463973999023438e+01
9.999824762344360352e-01 1.719377003610134125e-03 -5.654443055391311646e-03 1.322910003364086151e-02 -1.705846050754189491e-03 9.999955892562866211e-01 2.396848052740097046e-03 -9.072442054748535156e-01 5.658539943397045135e-03 -2.387159969657659531e-03 9.999812245368957520e-01 5.774549865722656250e+01
9.999855756759643555e-01 -8.364905952475965023e-04 -5.300789140164852142e-03 6.524255033582448959e-03 8.549023186787962914e-04 9.999936223030090332e-01 3.472042037174105644e-03 -9.446035027503967285e-01 5.297852214425802231e-03 -3.476521931588649750e-03 9.999799132347106934e-01 6.060317993164062500e+01
9.999827146530151367e-01 -3.792549017816781998e-03 -4.488789942115545273e-03 -1.308243023231625557e-03 3.809032961726188660e-03 9.999859929084777832e-01 3.669128986075520515e-03 -9.878100156784057617e-01 4.474812187254428864e-03 -3.686163108795881271e-03 9.999831914901733398e-01 6.345198059082031250e+01
9.999806880950927734e-01 -5.220463965088129044e-03 -3.359595080837607384e-03 -5.953934043645858765e-03 5.228045862168073654e-03 9.999837875366210938e-01 2.251723082736134529e-03 -1.029700040817260742e+00 3.347785910591483116e-03 -2.269241958856582642e-03 9.999917745590209961e-01 6.628939819335937500e+01
9.999976754188537598e-01 -6.481360760517418385e-04 -2.068771980702877045e-03 -1.936439983546733856e-02 6.556852022185921669e-04 9.999930858612060547e-01 3.650428960099816322e-03 -1.076074957847595215e+00 2.066391985863447189e-03 -3.651775885373353958e-03 9.999911785125732422e-01 6.911592864990234375e+01
9.999777078628540039e-01 6.659932900220155716e-03 -5.287412786856293678e-04 -3.513441979885101318e-02 -6.656920071691274643e-03 9.999626278877258301e-01 5.510823801159858704e-03 -1.118231058120727539e+00 5.654235719703137875e-04 -5.507180001586675644e-03 9.999846816062927246e-01 7.193978118896484375e+01
9.998986124992370605e-01 1.421691011637449265e-02 8.503239951096475124e-04 -4.677588865160942078e-02 -1.422069966793060303e-02 9.998881816864013672e-01 4.621050786226987839e-03 -1.153311014175415039e+00 -7.845315267331898212e-04 -4.632673226296901703e-03 9.999889731407165527e-01 7.474244689941406250e+01
9.998598098754882812e-01 1.663766056299209595e-02 1.883620978333055973e-03 -5.458511039614677429e-02 -1.664594933390617371e-02 9.998514056205749512e-01 4.472345113754272461e-03 -1.197942018508911133e+00 -1.808931003324687481e-03 -4.503070842474699020e-03 9.999881982803344727e-01 7.754078674316406250e+01
9.998967051506042480e-01 1.423630025237798691e-02 1.959369052201509476e-03 -4.954250156879425049e-02 -1.424345001578330994e-02 9.998916983604431152e-01 3.684602910652756691e-03 -1.236654996871948242e+00 -1.906701014377176762e-03 -3.712129080668091774e-03 9.999912977218627930e-01 8.032544708251953125e+01
9.999073743820190430e-01 1.353416033089160919e-02 1.448462950065732002e-03 -4.838807135820388794e-02 -1.353962998837232590e-02 9.999009966850280762e-01 3.833191003650426865e-03 -1.278676033020019531e+00 -1.396439969539642334e-03 -3.852447029203176498e-03 9.999915957450866699e-01 8.309721374511718750e+01
9.999096989631652832e-01 1.343477983027696609e-02 1.870473060989752412e-04 -6.072004139423370361e-02 -1.343538984656333923e-02 9.999029040336608887e-01 3.681201953440904617e-03 -1.320245027542114258e+00 -1.375727006234228611e-04 -3.683381946757435799e-03 9.999932050704956055e-01 8.586562347412109375e+01
9.999384880065917969e-01 1.093063969165086746e-02 -1.877974951639771461e-03 -8.437620103359222412e-02 -1.092023961246013641e-02 9.999253749847412109e-01 5.458590108901262283e-03 -1.362982034683227539e+00 1.937501016072928905e-03 -5.437744781374931335e-03 9.999833106994628906e-01 8.862908935546875000e+01
9.999700188636779785e-01 6.803260184824466705e-03 -3.711637109518051147e-03 -1.110474988818168640e-01 -6.779632065445184708e-03 9.999569058418273926e-01 6.342125125229358673e-03 -1.399780988693237305e+00 3.754623932763934135e-03 -6.316768936812877655e-03 9.999729990959167480e-01 9.137523651123046875e+01
9.999809265136718750e-01 4.282217007130384445e-03 -4.468492232263088226e-03 -1.454602926969528198e-01 -4.259217996150255203e-03 9.999777078628540039e-01 5.143989808857440948e-03 -1.435963988304138184e+00 4.490421153604984283e-03 -5.124857183545827866e-03 9.999768137931823730e-01 9.410339355468750000e+01
9.999787211418151855e-01 4.738574847579002380e-03 -4.487410187721252441e-03 -1.913408935070037842e-01 -4.720319062471389771e-03 9.999805092811584473e-01 4.070437047630548477e-03 -1.476212978363037109e+00 4.506610799580812454e-03 -4.049167037010192871e-03 9.999817013740539551e-01 9.681381988525390625e+01
9.999675750732421875e-01 7.060839794576168060e-03 -3.876948961988091469e-03 -2.344056069850921631e-01 -7.047185208648443222e-03 9.999688863754272461e-01 3.524910891428589821e-03 -1.517683029174804688e+00 3.901717951521277428e-03 -3.497472964227199554e-03 9.999862909317016602e-01 9.951512908935546875e+01
9.999549984931945801e-01 8.833810687065124512e-03 -3.458298044279217720e-03 -2.694020867347717285e-01 -8.811343461275100708e-03 9.999402761459350586e-01 6.459623109549283981e-03 -1.556017994880676270e+00 3.515155054628849030e-03 -6.428857799619436264e-03 9.999731779098510742e-01 1.022053985595703125e+02
9.999610185623168945e-01 8.173870854079723358e-03 -3.338204929605126381e-03 -3.053255975246429443e-01 -8.165524341166019440e-03 9.999635219573974609e-01 2.507095923647284508e-03 -1.596045970916748047e+00 3.358575981110334396e-03 -2.479739021509885788e-03 9.999912977218627930e-01 1.048844985961914062e+02
9.999796152114868164e-01 5.504928063601255417e-03 -3.239047946408390999e-03 -3.343085944652557373e-01 -5.496405065059661865e-03 9.999814033508300781e-01 2.634818898513913155e-03 -1.638432025909423828e+00 3.253492992371320724e-03 -2.616961020976305008e-03 9.999912977218627930e-01 1.075652999877929688e+02
9.999973177909851074e-01 1.561464974656701088e-03 -1.709518954157829285e-03 -3.737761080265045166e-01 -1.552202040329575539e-03 9.999842047691345215e-01 5.406523123383522034e-03 -1.686738967895507812e+00 1.717934035696089268e-03 -5.403853952884674072e-03 9.999839067459106445e-01 1.102445983886718750e+02
9.999966025352478027e-01 2.581200096756219864e-03 -3.337541129440069199e-04 -4.137128889560699463e-01 -2.580678090453147888e-03 9.999954104423522949e-01 1.556831994093954563e-03 -1.733996987342834473e+00 3.377714019734412432e-04 -1.555964001454412937e-03 9.999986886978149414e-01 1.129049987792968750e+02
9.999690055847167969e-01 7.570196874439716339e-03 2.161282114684581757e-03 -4.295898973941802979e-01 -7.568322122097015381e-03 9.999709725379943848e-01 -8.754176087677478790e-04 -1.775004029273986816e+00 -2.167846076190471649e-03 8.590337238274514675e-04 9.999973177909851074e-01 1.155600967407226562e+02
9.999479055404663086e-01 9.079888463020324707e-03 4.667312838137149811e-03 -4.334151148796081543e-01 -9.097320958971977234e-03 9.999516010284423828e-01 3.727155970409512520e-03 -1.811794042587280273e+00 -4.633245989680290222e-03 -3.769420087337493896e-03 9.999821782112121582e-01 1.182274017333984375e+02
9.999421834945678711e-01 8.587162010371685028e-03 6.468939129263162613e-03 -4.334146082401275635e-01 -8.611019700765609741e-03 9.999561905860900879e-01 3.668979043141007423e-03 -1.846321940422058105e+00 -6.437148898839950562e-03 -3.724469104781746864e-03 9.999724030494689941e-01 1.209045028686523438e+02
9.998841881752014160e-01 1.238023955374956131e-02 8.849719539284706116e-03 -4.560743868350982666e-01 -1.240542996674776077e-02 9.999191164970397949e-01 2.797299064695835114e-03 -1.910030007362365723e+00 -8.814373053610324860e-03 -2.906759036704897881e-03 9.999569058418273926e-01 1.236241989135742188e+02
9.998376965522766113e-01 1.423200964927673340e-02 1.105093955993652344e-02 -4.641329050064086914e-01 -1.424547005444765091e-02 9.998978972434997559e-01 1.139845000579953194e-03 -1.966295003890991211e+00 -1.103358995169401169e-02 -1.297084963880479336e-03 9.999383091926574707e-01 1.263370971679687500e+02
9.998362064361572266e-01 1.286454964429140091e-02 1.272995024919509888e-02 -4.718093872070312500e-01 -1.288658007979393005e-02 9.999155998229980469e-01 1.649652956984937191e-03 -2.038342952728271484e+00 -1.270764973014593124e-02 -1.813426963053643703e-03 9.999176263809204102e-01 1.290496063232421875e+02
9.998440742492675781e-01 1.089170016348361969e-02 1.389622967690229416e-02 -4.701254069805145264e-01 -1.093766000121831894e-02 9.999349117279052734e-01 3.235383890569210052e-03 -2.099488973617553711e+00 -1.386008039116859436e-02 -3.386870026588439941e-03 9.998981952667236328e-01 1.317557067871093750e+02
9.998826980590820312e-01 7.142772898077964783e-03 1.354833971709012985e-02 -4.651027917861938477e-01 -7.199652958661317825e-03 9.999654293060302734e-01 4.154061898589134216e-03 -2.162931919097900391e+00 -1.351820025593042374e-02 -4.251116886734962463e-03 9.998996257781982422e-01 1.344613952636718750e+02
9.999228119850158691e-01 4.048643168061971664e-03 1.174934953451156616e-02 -4.644953012466430664e-01 -4.092636983841657639e-03 9.999846816062927246e-01 3.722650930285453796e-03 -2.226309061050415039e+00 -1.173410005867481232e-02 -3.770448034629225731e-03 9.999241232872009277e-01 1.371605987548828125e+02
9.999526143074035645e-01 1.228058943524956703e-03 9.656581096351146698e-03 -4.641807079315185547e-01 -1.276892959140241146e-03 9.999864101409912109e-01 5.052512045949697495e-03 -2.281749010086059570e+00 -9.650245308876037598e-03 -5.064602009952068329e-03 9.999405741691589355e-01 1.398625946044921875e+02
9.999747872352600098e-01 2.292746066814288497e-04 7.102143950760364532e-03 -4.704574048519134521e-01 -2.612741081975400448e-04 9.999898076057434082e-01 4.505001008510589600e-03 -2.341886043548583984e+00 -7.101038936525583267e-03 -4.506741184741258621e-03 9.999645948410034180e-01 1.425621948242187500e+02
9.999855756759643555e-01 -1.774247037246823311e-03 5.074855871498584747e-03 -4.789012968540191650e-01 1.762936008162796497e-03 9.999958872795104980e-01 2.232535975053906441e-03 -2.395024061203002930e+00 -5.078797228634357452e-03 -2.223555929958820343e-03 9.999846220016479492e-01 1.452577972412109375e+02
9.998967051506042480e-01 -1.409567985683679581e-02 2.802842063829302788e-03 -4.844149947166442871e-01 1.408553030341863632e-02 9.998943209648132324e-01 3.608253085985779762e-03 -2.462969064712524414e+00 -2.853405894711613655e-03 -3.568399930372834206e-03 9.999896287918090820e-01 1.479537963867187500e+02
9.996861815452575684e-01 -2.504947036504745483e-02 1.332436950178816915e-04 -4.887985885143280029e-01 2.504914067685604095e-02 9.996839761734008789e-01 2.113372087478637695e-03 -2.518616914749145508e+00 -1.861400960478931665e-04 -2.109369961544871330e-03 9.999977946281433105e-01 1.506481018066406250e+02
9.997661709785461426e-01 -2.158748917281627655e-02 1.248821965418756008e-03 -5.139896869659423828e-01 2.159192040562629700e-02 9.997602105140686035e-01 -3.645129036158323288e-03 -2.581792116165161133e+00 -1.169833005405962467e-03 3.671240992844104767e-03 9.999926090240478516e-01 1.533372955322265625e+02
9.997071027755737305e-01 -2.405937947332859039e-02 2.609289018437266350e-03 -5.188373923301696777e-01 2.406072057783603668e-02 9.997103810310363770e-01 -4.795237910002470016e-04 -2.641448974609375000e+00 -2.596996026113629341e-03 5.421654204837977886e-04 9.999964833259582520e-01 1.560328979492187500e+02
9.994283914566040039e-01 -3.366699069738388062e-02 3.070717910304665565e-03 -4.996047019958496094e-01 3.365622833371162415e-02 9.994273185729980469e-01 3.494310891255736351e-03 -2.689150094985961914e+00 -3.186601912602782249e-03 -3.388964105397462845e-03 9.999892115592956543e-01 1.587319030761718750e+02
9.994176030158996582e-01 -3.391110897064208984e-02 3.821912920102477074e-03 -4.848758876323699951e-01 3.389482945203781128e-02 9.994162917137145996e-01 4.248694982379674911e-03 -2.736779928207397461e+00 -3.963760100305080414e-03 -4.116674885153770447e-03 9.999837279319763184e-01 1.614290008544921875e+02
9.996296763420104980e-01 -2.654347009956836700e-02 5.992325954139232635e-03 -4.767802953720092773e-01 2.653481997549533844e-02 9.996467232704162598e-01 1.518785953521728516e-03 -2.787254095077514648e+00 -6.030523218214511871e-03 -1.359216985292732716e-03 9.999809265136718750e-01 1.641295013427734375e+02
9.997389912605285645e-01 -2.170098014175891876e-02 7.145421113818883896e-03 -4.599263966083526611e-01 2.168704010546207428e-02 9.997627139091491699e-01 2.022973960265517235e-03 -2.835557937622070312e+00 -7.187625858932733536e-03 -1.867481973022222519e-03 9.999724030494689941e-01 1.668390045166015625e+02
9.998149275779724121e-01 -1.813299022614955902e-02 6.434412207454442978e-03 -4.424437880516052246e-01 1.813719049096107483e-02 9.998353123664855957e-01 -5.943430005572736263e-04 -2.886559963226318359e+00 -6.422575097531080246e-03 7.109356811270117760e-04 9.999790787696838379e-01 1.695601959228515625e+02
9.999362230300903320e-01 -9.733294136822223663e-03 5.740250926464796066e-03 -4.111542999744415283e-01 9.761014953255653381e-03 9.999406933784484863e-01 -4.820709116756916046e-03 -2.932730913162231445e+00 -5.692989099770784378e-03 4.876432009041309357e-03 9.999719262123107910e-01 1.722841033935546875e+02
9.999768137931823730e-01 -1.828107982873916626e-03 6.567234173417091370e-03 -3.779301047325134277e-01 1.838034950196743011e-03 9.999971985816955566e-01 -1.505773048847913742e-03 -2.986448049545288086e+00 -6.564463023096323013e-03 1.517810043878853321e-03 9.999772906303405762e-01 1.750290985107421875e+02
9.999731183052062988e-01 -4.339592996984720230e-03 5.909489933401346207e-03 -3.405308127403259277e-01 4.328926093876361847e-03 9.999889731407165527e-01 1.816911972127854824e-03 -3.013912916183471680e+00 -5.917308852076530457e-03 -1.791279995813965797e-03 9.999809265136718750e-01 1.777852020263671875e+02
9.999709129333496094e-01 -7.309297099709510803e-03 2.170146908611059189e-03 -3.136545121669769287e-01 7.314585149288177490e-03 9.999703168869018555e-01 -2.437950111925601959e-03 -3.041122913360595703e+00 -2.152262954041361809e-03 2.453753026202321053e-03 9.999946951866149902e-01 1.805420074462890625e+02
9.999989271163940430e-01 -1.472010044381022453e-03 7.625143916811794043e-05 -3.140563964843750000e-01 1.472564996220171452e-03 9.999678730964660645e-01 -7.868714630603790283e-03 -3.088157892227172852e+00 -6.466580816777423024e-05 7.868818938732147217e-03 9.999690055847167969e-01 1.833097991943359375e+02
9.999907016754150391e-01 4.303533118218183517e-03 2.334260061616078019e-04 -3.141305148601531982e-01 -4.302714020013809204e-03 9.999849200248718262e-01 -3.405585885047912598e-03 -3.137554883956909180e+00 -2.480781986378133297e-04 3.404550021514296532e-03 9.999942183494567871e-01 1.860993957519531250e+02
9.999898076057434082e-01 4.448722116649150848e-03 7.330863154493272305e-04 -3.089326918125152588e-01 -4.448418039828538895e-03 9.999899864196777344e-01 -4.171904874965548515e-04 -3.193944931030273438e+00 -7.349345833063125610e-04 4.139257944189012051e-04 9.999997019767761230e-01 1.889002990722656250e+02
9.999997019767761230e-01 3.667254059109836817e-04 6.633030134253203869e-04 -3.030042052268981934e-01 -3.672562888823449612e-04 9.999995827674865723e-01 8.003941038623452187e-04 -3.250530004501342773e+00 -6.630088901147246361e-04 -8.006365969777107239e-04 9.999995231628417969e-01 1.917127990722656250e+02
9.999850988388061523e-01 -5.294322967529296875e-03 1.369556994177401066e-03 -2.979337871074676514e-01 5.291893146932125092e-03 9.999843835830688477e-01 1.772737945429980755e-03 -3.314135074615478516e+00 -1.378920045681297779e-03 -1.765463035553693771e-03 9.999974966049194336e-01 1.945397033691406250e+02
9.999160170555114746e-01 -1.280486956238746643e-02 1.997357001528143883e-03 -2.955048084259033203e-01 1.279759034514427185e-02 9.999114871025085449e-01 3.617325099185109138e-03 -3.384557008743286133e+00 -2.043500076979398727e-03 -3.591458080336451530e-03 9.999914765357971191e-01 1.973809051513671875e+02
9.999865889549255371e-01 -4.404759965837001801e-03 2.705777063965797424e-03 -3.150033950805664062e-01 4.421523772180080414e-03 9.999709129333496094e-01 -6.220737937837839127e-03 -3.471363067626953125e+00 -2.678296994417905807e-03 6.232617888599634171e-03 9.999769926071166992e-01 2.002241973876953125e+02
9.998989105224609375e-01 1.319129019975662231e-02 5.303121171891689301e-03 -3.485808074474334717e-01 -1.317803002893924713e-02 9.999098777770996094e-01 -2.527297008782625198e-03 -3.555576086044311523e+00 -5.335981026291847229e-03 2.457157010212540627e-03 9.999827742576599121e-01 2.030948028564453125e+02
9.999048709869384766e-01 1.262628007680177689e-02 5.556507967412471771e-03 -3.481358885765075684e-01 -1.262550987303256989e-02 9.999203085899353027e-01 -1.752366952132433653e-04 -3.604083061218261719e+00 -5.558277945965528488e-03 1.050669015967287123e-04 9.999846220016479492e-01 2.059703979492187500e+02
9.999697804450988770e-01 7.056708913296461105e-03 3.265357110649347305e-03 -3.421980142593383789e-01 -7.056163158267736435e-03 9.999750852584838867e-01 -1.791660033632069826e-04 -3.650886058807373047e+00 -3.266539890319108963e-03 1.561203971505165100e-04 9.999946951866149902e-01 2.088679046630859375e+02
9.999572038650512695e-01 8.865968324244022369e-03 2.639868063852190971e-03 -3.479509949684143066e-01 -8.863572962582111359e-03 9.999603033065795898e-01 -9.180181077681481838e-04 -3.708945035934448242e+00 -2.647901885211467743e-03 8.945806766860187054e-04 9.999961256980895996e-01 2.117848968505859375e+02
9.999520182609558105e-01 9.528196416795253754e-03 2.287636976689100266e-03 -3.575809001922607422e-01 -9.528054855763912201e-03 9.999545812606811523e-01 -7.338613795582205057e-05 -3.778064966201782227e+00 -2.288232091814279556e-03 5.158656858839094639e-05 9.999973773956298828e-01 2.147142028808593750e+02
9.999635815620422363e-01 8.359215222299098969e-03 1.687675947323441505e-03 -3.559812009334564209e-01 -8.356573060154914856e-03 9.999638199806213379e-01 -1.567356986925005913e-03 -3.837086915969848633e+00 -1.700717024505138397e-03 1.553197042085230350e-03 9.999973773956298828e-01 2.176614990234375000e+02
9.999613761901855469e-01 8.743635378777980804e-03 8.939218241721391678e-04 -3.669047057628631592e-01 -8.742048405110836029e-03 9.999601840972900391e-01 -1.766651985235512257e-03 -3.899693965911865234e+00 -9.093328844755887985e-04 1.758769038133323193e-03 9.999979734420776367e-01 2.206192016601562500e+02
9.999510049819946289e-01 9.892701171338558197e-03 3.480351006146520376e-04 -3.755067884922027588e-01 -9.891997091472148895e-03 9.999490976333618164e-01 -1.976625993847846985e-03 -3.961695909500122070e+00 -3.675711923278868198e-04 1.973086968064308167e-03 9.999979734420776367e-01 2.235894012451171875e+02
9.999495744705200195e-01 1.003811974078416824e-02 -2.604534092824906111e-04 -3.787707090377807617e-01 -1.003868039697408676e-02 9.999470114707946777e-01 -2.264916896820068359e-03 -4.017066955566406250e+00 2.377044002059847116e-04 2.267417963594198227e-03 9.999973773956298828e-01 2.265691070556640625e+02
9.999691843986511230e-01 7.840322330594062805e-03 -2.576861006673425436e-04 -3.786613941192626953e-01 -7.841005921363830566e-03 9.999654293060302734e-01 -2.764804055914282799e-03 -4.075078010559082031e+00 2.360006037633866072e-04 2.766740042716264725e-03 9.999961853027343750e-01 2.295511016845703125e+02
9.999868869781494141e-01 5.120322108268737793e-03 1.128453004639595747e-04 -3.745701014995574951e-01 -5.120127927511930466e-03 9.999855160713195801e-01 -1.666318974457681179e-03 -4.124993801116943359e+00 -1.213754003401845694e-04 1.665718969888985157e-03 9.999986290931701660e-01 2.325420989990234375e+02
9.999858140945434570e-01 5.337974987924098969e-03 2.022159060288686305e-05 -3.764691948890686035e-01 -5.337942857295274734e-03 9.999848008155822754e-01 -1.389784039929509163e-03 -4.186333179473876953e+00 -2.763958036666736007e-05 1.389655983075499535e-03 9.999989867210388184e-01 2.355390014648437500e+02
9.999731183052062988e-01 7.300761062651872635e-03 7.680276758037507534e-04 -3.814943134784698486e-01 -7.299344055354595184e-03 9.999716877937316895e-01 -1.833167974837124348e-03 -4.253314971923828125e+00 -7.813891279511153698e-04 1.827512984164059162e-03 9.999979734420776367e-01 2.385498962402343750e+02
9.999712109565734863e-01 7.345182821154594421e-03 1.934961997903883457e-03 -3.820923864841461182e-01 -7.347076199948787689e-03 9.999725222587585449e-01 9.725281270220875740e-04 -4.315103054046630859e+00 -1.927764969877898693e-03 -9.867155458778142929e-04 9.999976754188537598e-01 2.415711975097656250e+02
9.999669790267944336e-01 7.564990781247615814e-03 2.950398018583655357e-03 -3.796392977237701416e-01 -7.559141144156455994e-03 9.999694228172302246e-01 -1.989576034247875214e-03 -4.377645969390869141e+00 -2.965359017252922058e-03 1.967207994312047958e-03 9.999936819076538086e-01 2.446020050048828125e+02
9.999616742134094238e-01 8.101686835289001465e-03 3.326840000227093697e-03 -3.721571862697601318e-01 -8.099746890366077423e-03 9.999669790267944336e-01 -5.968841142021119595e-04 -4.432022094726562500e+00 -3.331565996631979942e-03 5.699152243323624134e-04 9.999942779541015625e-01 2.476477050781250000e+02
9.999598860740661621e-01 8.505824021995067596e-03 2.798117930069565773e-03 -3.658944070339202881e-01 -8.507186546921730042e-03 9.999637007713317871e-01 4.745748883578926325e-04 -4.487062931060791016e+00 -2.793978899717330933e-03 -4.983592079952359200e-04 9.999960064888000488e-01 2.506963958740234375e+02
9.999353885650634766e-01 1.095120981335639954e-02 3.044268116354942322e-03 -3.598898947238922119e-01 -1.095306966453790665e-02 9.999397993087768555e-01 5.963359726592898369e-04 -4.535745143890380859e+00 -3.037553979083895683e-03 -6.296408246271312237e-04 9.999951720237731934e-01 2.537570037841796875e+02
9.999458789825439453e-01 9.972902946174144745e-03 2.944503910839557648e-03 -3.518993854522705078e-01 -9.975713677704334259e-03 9.999498128890991211e-01 9.406381868757307529e-04 -4.584939956665039062e+00 -2.934975083917379379e-03 -9.699600050225853920e-04 9.999951720237731934e-01 2.568229980468750000e+02
9.999797940254211426e-01 5.649028811603784561e-03 2.911617979407310486e-03 -3.407995104789733887e-01 -5.657373927533626556e-03 9.999799132347106934e-01 2.865667920559644699e-03 -4.637604236602783203e+00 -2.895371057093143463e-03 -2.882081083953380585e-03 9.999917149543762207e-01 2.599002990722656250e+02
9.999932050704956055e-01 2.887471113353967667e-03 2.307492075487971306e-03 -3.291338086128234863e-01 -2.889039926230907440e-03 9.999955892562866211e-01 6.765815196558833122e-04 -4.686551094055175781e+00 -2.305527916178107262e-03 -6.832423969171941280e-04 9.999970793724060059e-01 2.629731140136718750e+02
9.999945163726806641e-01 -1.234139053849503398e-04 3.329162951558828354e-03 -3.249045908451080322e-01 1.067288976628333330e-04 9.999874234199523926e-01 5.011497996747493744e-03 -4.748173236846923828e+00 -3.329739905893802643e-03 -5.011113826185464859e-03 9.999818801879882812e-01 2.660571899414062500e+02
9.999886751174926758e-01 -2.908689901232719421e-03 3.750876057893037796e-03 -3.173942863941192627e-01 2.899427898228168488e-03 9.999927282333374023e-01 2.472454914823174477e-03 -4.824678897857666016e+00 -3.758040023967623711e-03 -2.461550990119576454e-03 9.999899268150329590e-01 2.691376953125000000e+02
9.999849200248718262e-01 -4.661323910113424063e-04 5.479802843183279037e-03 -3.155942857265472412e-01 4.509532009251415730e-04 9.999960064888000488e-01 2.770953113213181496e-03 -4.906588077545166016e+00 -5.481073167175054550e-03 -2.768439007923007011e-03 9.999812245368957520e-01 2.722185058593750000e+02
9.999697208404541016e-01 2.424588892608880997e-03 7.402642164379358292e-03 -3.112308979034423828e-01 -2.441392978653311729e-03 9.999943971633911133e-01 2.261700108647346497e-03 -4.987626075744628906e+00 -7.397117093205451965e-03 -2.279703039675951004e-03 9.999700784683227539e-01 2.753071899414062500e+02
9.999529719352722168e-01 3.540242090821266174e-03 9.029623121023178101e-03 -3.062025904655456543e-01 -3.552062902599573135e-03 9.999927878379821777e-01 1.293326960876584053e-03 -5.082755088806152344e+00 -9.024979546666145325e-03 -1.325338962487876415e-03 9.999583959579467773e-01 2.783952026367187500e+02
9.999390840530395508e-01 2.412081928923726082e-03 1.077453978359699249e-02 -2.897535860538482666e-01 -2.422969089820981026e-03 9.999964833259582520e-01 9.974198183044791222e-04 -5.172038078308105469e+00 -1.077209971845149994e-02 -1.023464021272957325e-03 9.999415278434753418e-01 2.814957885742187500e+02
9.999296069145202637e-01 6.994984141783788800e-05 1.186440978199243546e-02 -2.599233090877532959e-01 -1.024083976517431438e-04 9.999961853027343750e-01 2.735204063355922699e-03 -5.241690158843994141e+00 -1.186417043209075928e-02 -2.736225957050919533e-03 9.999259114265441895e-01 2.846004943847656250e+02
9.999318718910217285e-01 -1.492294948548078537e-03 1.157237030565738678e-02 -2.301582992076873779e-01 1.517664990387856960e-03 9.999964237213134766e-01 -2.183831064030528069e-03 -5.316244125366210938e+00 -1.156906969845294952e-02 2.201244933530688286e-03 9.999306797981262207e-01 2.876998901367187500e+02
9.999458789825439453e-01 -2.783387899398803711e-03 1.002136990427970886e-02 -2.045250982046127319e-01 2.801632974296808243e-03 9.999943971633911133e-01 -1.806981978006660938e-03 -5.390474796295166016e+00 -1.001628953963518143e-02 1.834961003623902798e-03 9.999482035636901855e-01 2.908103027343750000e+02
9.999613761901855469e-01 -2.412033965811133385e-03 8.447232656180858612e-03 -1.828271001577377319e-01 2.434845082461833954e-03 9.999933838844299316e-01 -2.691088011488318443e-03 -5.462577819824218750e+00 -8.440686389803886414e-03 2.711551962420344353e-03 9.999607205390930176e-01 2.939316101074218750e+02
9.999722838401794434e-01 -2.819611923769116402e-03 6.887209136039018631e-03 -1.681707948446273804e-01 2.832591067999601364e-03 9.999942183494567871e-01 -1.875372021459043026e-03 -5.542654037475585938e+00 -6.881881039589643478e-03 1.894828979857265949e-03 9.999744892120361328e-01 2.970722961425781250e+02
9.999842047691345215e-01 -1.884747995063662529e-03 5.291488952934741974e-03 -1.498301029205322266e-01 1.882308046333491802e-03 9.999980926513671875e-01 4.661426064558327198e-04 -5.605661869049072266e+00 -5.292357876896858215e-03 -4.561741952784359455e-04 9.999858736991882324e-01 3.002366943359375000e+02
9.999759197235107422e-01 -7.817355217412114143e-04 6.894867867231369019e-03 -1.362307965755462646e-01 7.782359025441110134e-04 9.999995231628417969e-01 5.102687282487750053e-04 -5.674045085906982422e+00 -6.895264144986867905e-03 -5.048898165114223957e-04 9.999760985374450684e-01 3.034129943847656250e+02
9.999650716781616211e-01 -3.784307045862078667e-03 7.453065831214189529e-03 -1.113075017929077148e-01 3.790433052927255630e-03 9.999924898147583008e-01 -8.078683749772608280e-04 -5.740562915802001953e+00 -7.449951954185962677e-03 8.360909996554255486e-04 9.999719262123107910e-01 3.066086120605468750e+02
9.999536871910095215e-01 -5.687324795871973038e-03 7.763489149510860443e-03 -9.649989753961563110e-02 5.716382991522550583e-03 9.999766945838928223e-01 -3.725646995007991791e-03 -5.821105957031250000e+00 -7.742119021713733673e-03 3.769852919504046440e-03 9.999629259109497070e-01 3.098189086914062500e+02
9.999849796295166016e-01 -4.221315961331129074e-03 3.496669931337237358e-03 -9.658434242010116577e-02 4.236103035509586334e-03 9.999819993972778320e-01 -4.231981001794338226e-03 -5.907765865325927734e+00 -3.478742903098464012e-03 4.246729891747236252e-03 9.999849200248718262e-01 3.130444946289062500e+02
9.999867081642150879e-01 -3.716961015015840530e-03 3.583983052521944046e-03 -1.079811006784439087e-01 3.709068056195974350e-03 9.999907016754150391e-01 2.206630073487758636e-03 -5.990687847137451172e+00 -3.592150984331965446e-03 -2.193306107074022293e-03 9.999911785125732422e-01 3.162952880859375000e+02
9.999725222587585449e-01 -6.194817833602428436e-03 4.072383046150207520e-03 -1.058418974280357361e-01 6.187770050019025803e-03 9.999793171882629395e-01 1.741228974424302578e-03 -6.068362236022949219e+00 -4.083085805177688599e-03 -1.715981052257120609e-03 9.999902248382568359e-01 3.195524902343750000e+02
9.999660253524780273e-01 -6.841179914772510529e-03 4.609290976077318192e-03 -1.009178981184959412e-01 6.831104867160320282e-03 9.999741911888122559e-01 2.198320114985108376e-03 -6.143404006958007812e+00 -4.624211229383945465e-03 -2.166758058592677116e-03 9.999870061874389648e-01 3.228139038085937500e+02
9.999691247940063477e-01 -5.531858187168836594e-03 5.582557059824466705e-03 -9.648437798023223877e-02 5.524151958525180817e-03 9.999837279319763184e-01 1.395066035911440849e-03 -6.224088191986083984e+00 -5.590184126049280167e-03 -1.364183030091226101e-03 9.999834895133972168e-01 3.260682067871093750e+02
9.999576210975646973e-01 -5.867213010787963867e-03 7.096038199961185455e-03 -8.496955782175064087e-02 5.850058980286121368e-03 9.999799132347106934e-01 2.435870002955198288e-03 -6.305428028106689453e+00 -7.110187783837318420e-03 -2.394254086539149284e-03 9.999719262123107910e-01 3.293241882324218750e+02
9.999440908432006836e-01 -7.988537661731243134e-03 6.922600790858268738e-03 -6.421230733394622803e-02 7.974252104759216309e-03 9.999660253524780273e-01 2.089082030579447746e-03 -6.372243881225585938e+00 -6.939054001122713089e-03 -2.033761935308575630e-03 9.999738931655883789e-01 3.325693969726562500e+02
9.999651908874511719e-01 -4.787433892488479614e-03 6.833315826952457428e-03 -5.434960871934890747e-02 4.781851079314947128e-03 9.999881982803344727e-01 8.332572760991752148e-04 -6.450779914855957031e+00 -6.837225053459405899e-03 -8.005516137927770615e-04 9.999762773513793945e-01 3.358023986816406250e+02
9.999843239784240723e-01 -1.994183054193854332e-03 5.234119947999715805e-03 -4.548041895031929016e-02 2.006544033065438271e-03 9.999951720237731934e-01 -2.357182092964649200e-03 -6.532187938690185547e+00 -5.229393951594829559e-03 2.367648063227534294e-03 9.999834895133972168e-01 3.390210876464843750e+02
9.999945163726806641e-01 -2.826639974955469370e-04 3.299426054581999779e-03 -3.930296003818511963e-02 2.684305945876985788e-04 9.999905824661254883e-01 4.313590005040168762e-03 -6.601810932159423828e+00 -3.300613956525921822e-03 -4.312679171562194824e-03 9.999852776527404785e-01 3.422461853027343750e+02
9.999998807907104492e-01 -4.441105993464589119e-04 2.716568124014884233e-04 -3.514659032225608826e-02 4.438341129571199417e-04 9.999994039535522461e-01 1.017490052618086338e-03 -6.652781963348388672e+00 -2.721082128118723631e-04 -1.017368980683386326e-03 9.999995231628417969e-01 3.454525146484375000e+02
9.999918937683105469e-01 -3.062606090679764748e-03 -2.625488908961415291e-03 -3.707174956798553467e-02 3.071646904572844505e-03 9.999892711639404297e-01 3.446059068664908409e-03 -6.708151817321777344e+00 2.614907920360565186e-03 -3.454094054177403450e-03 9.999905824661254883e-01 3.486550903320312500e+02
9.999865889549255371e-01 -4.006269853562116623e-03 -3.273665904998779297e-03 -5.261018127202987671e-02 4.011488985270261765e-03 9.999907016754150391e-01 1.588781946338713169e-03 -6.773058891296386719e+00 3.267270978540182114e-03 -1.601892057806253433e-03 9.999933838844299316e-01 3.518478088378906250e+02
9.999843239784240723e-01 -4.565923940390348434e-03 -3.263314953073859215e-03 -7.506605982780456543e-02 4.570743069052696228e-03 9.999883770942687988e-01 1.470617949962615967e-03 -6.843564033508300781e+00 3.256563097238540649e-03 -1.485510030761361122e-03 9.999936223030090332e-01 3.550379028320312500e+02
9.999796152114868164e-01 -5.401737056672573090e-03 -3.418003907427191734e-03 -9.729988873004913330e-02 5.402475129812955856e-03 9.999853968620300293e-01 2.062371058855205774e-04 -6.921762943267822266e+00 3.416840918362140656e-03 -2.246977965114638209e-04 9.999940991401672363e-01 3.582218017578125000e+02
9.999796748161315918e-01 -5.468743853271007538e-03 -3.269772976636886597e-03 -1.223013997077941895e-01 5.467336159199476242e-03 9.999849200248718262e-01 -4.395206051412969828e-04 -6.995934963226318359e+00 3.272128058597445488e-03 4.216353991068899632e-04 9.999945759773254395e-01 3.614036865234375000e+02
9.999604225158691406e-01 -8.343867026269435883e-03 -3.084171097725629807e-03 -1.419952064752578735e-01 8.343343622982501984e-03 9.999651908874511719e-01 -1.830997061915695667e-04 -7.072717189788818359e+00 3.085592063143849373e-03 1.573608024045825005e-04 9.999951720237731934e-01 3.645867004394531250e+02
9.999393224716186523e-01 -1.055760961025953293e-02 -3.163105109706521034e-03 -1.668615043163299561e-01 1.055852044373750687e-02 9.999442100524902344e-01 2.692067064344882965e-04 -7.146883964538574219e+00 3.160085994750261307e-03 -3.025872865691781044e-04 9.999949932098388672e-01 3.677810974121093750e+02
9.999697208404541016e-01 -7.434945087879896164e-03 -2.307469956576824188e-03 -2.029184997081756592e-01 7.436476182192564011e-03 9.999721050262451172e-01 6.546484073624014854e-04 -7.225080966949462891e+00 2.302539069205522537e-03 -6.717871874570846558e-04 9.999970793724060059e-01 3.709753112792968750e+02
9.999827146530151367e-01 -5.698435008525848389e-03 -1.435321988537907600e-03 -2.378133982419967651e-01 5.699452012777328491e-03 9.999834895133972168e-01 7.046586251817643642e-04 -7.306807994842529297e+00 1.431282958947122097e-03 -7.128262077458202839e-04 9.999986886978149414e-01 3.742253112792968750e+02
9.999831914901733398e-01 -5.717949941754341125e-03 -9.178671170957386494e-04 -2.625877857208251953e-01 5.717644002288579941e-03 9.999836087226867676e-01 -3.368160978425294161e-04 -7.379335880279541016e+00 9.197784238494932652e-04 3.315630019642412663e-04 9.999995231628417969e-01 3.773872985839843750e+02
