1.000000000000000000e+00 1.197624985294076794e-11 1.704637958566124212e-10 1.110223024625156540e-16 1.197624985294076794e-11 1.000000000000000000e+00 3.562503070320133247e-10 0.000000000000000000e+00 1.704637958566124212e-10 3.562503070320133247e-10 1.000000000000000000e+00 2.220446049250313081e-16
9.999930858612060547e-01 -2.475043991580605507e-03 -2.755837049335241318e-03 1.173953991383314133e-03 2.468662103638052940e-03 9.999942183494567871e-01 -2.316827885806560516e-03 -2.241474017500877380e-02 2.761556068435311317e-03 2.310008974745869637e-03 9.999935030937194824e-01 1.127606987953186035e+00
9.999675154685974121e-01 -4.648686852306127548e-03 -6.595320068299770355e-03 -1.508127991110086441e-02 4.612815100699663162e-03 9.999744892120361328e-01 -5.443973932415246964e-03 -5.922719836235046387e-02 6.620460189878940582e-03 5.413373000919818878e-03 9.999634027481079102e-01 2.251296043395996094e+00
9.999200105667114258e-01 -8.311337791383266449e-03 -9.539067745208740234e-03 -2.969353087246417999e-02 8.230326697230339050e-03 9.999300241470336914e-01 -8.500811643898487091e-03 -9.078264981508255005e-02 9.609053842723369598e-03 8.421622216701507568e-03 9.999184012413024902e-01 3.390280961990356445e+00
9.998884201049804688e-01 -8.811524137854576111e-03 -1.206612959504127502e-02 -5.593704059720039368e-02 8.715867996215820312e-03 9.999303221702575684e-01 -7.957588881254196167e-03 -1.348021030426025391e-01 1.213540043681859970e-02 7.851532660424709320e-03 9.998955130577087402e-01 4.556203842163085938e+00
9.998747706413269043e-01 -6.580037064850330353e-03 -1.439058966934680939e-02 -8.798197656869888306e-02 6.374275777488946915e-03 9.998773932456970215e-01 -1.429781038314104080e-02 -1.803479045629501343e-01 1.448290981352329254e-02 1.420428976416587830e-02 9.997941851615905762e-01 5.751285076141357422e+00
9.998521804809570312e-01 -3.623834112659096718e-03 -1.680538058280944824e-02 -1.238576024770736694e-01 3.306955099105834961e-03 9.998168945312500000e-01 -1.884542964398860931e-02 -2.187844067811965942e-01 1.687059924006462097e-02 1.878705993294715881e-02 9.996811747550964355e-01 6.989626884460449219e+00
9.998257756233215332e-01 -8.672136027598753572e-05 -1.866530999541282654e-02 -1.645123958587646484e-01 5.358731141313910484e-05 9.999983906745910645e-01 -1.775662996806204319e-03 -2.542634904384613037e-01 1.866542920470237732e-02 1.774354022927582264e-03 9.998242259025573730e-01 8.302110671997070312e+00
9.997817277908325195e-01 3.389969933778047562e-03 -2.061746083199977875e-02 -2.077191025018692017e-01 -3.275843104347586632e-03 9.999790787696838379e-01 5.566727835685014725e-03 -2.924368977546691895e-01 2.063589915633201599e-02 -5.497971083968877792e-03 9.997718930244445801e-01 9.661916732788085938e+00
9.997369050979614258e-01 4.812929779291152954e-03 -2.242765016853809357e-02 -2.537940144538879395e-01 -5.013394169509410858e-03 9.999479055404663086e-01 -8.890576660633087158e-03 -3.091782033443450928e-01 2.238368988037109375e-02 9.000674821436405182e-03 9.997088909149169922e-01 1.106422996520996094e+01
9.997063279151916504e-01 1.893747947178781033e-03 -2.416094020009040833e-02 -2.821162045001983643e-01 -1.858131028711795807e-03 9.999970793724060059e-01 1.496503944508731365e-03 -3.207015097141265869e-01 2.416370995342731476e-02 -1.451169024221599102e-03 9.997069835662841797e-01 1.255869960784912109e+01
9.996863007545471191e-01 7.583640981465578079e-04 -2.503531984984874725e-02 -3.128296136856079102e-01 -4.521018126979470253e-04 9.999250173568725586e-01 1.223661005496978760e-02 -3.292075097560882568e-01 2.504272013902664185e-02 -1.222144998610019684e-02 9.996116757392883301e-01 1.412399005889892578e+01
9.996851086616516113e-01 -2.198698930442333221e-03 -2.499778941273689270e-02 -3.451203107833862305e-01 2.413900103420019150e-03 9.999601840972900391e-01 8.581849746406078339e-03 -3.298600018024444580e-01 2.497792989015579224e-02 -8.639487437903881073e-03 9.996507167816162109e-01 1.574882030487060547e+01
9.997239708900451660e-01 -2.636624034494161606e-03 -2.334610000252723694e-02 -3.661096096038818359e-01 2.632565097883343697e-03 9.999964833259582520e-01 -2.046126028290018439e-04 -3.374209105968475342e-01 2.334656007587909698e-02 1.430966949556022882e-04 9.997274279594421387e-01 1.742810058593750000e+01
9.997553229331970215e-01 -5.085930228233337402e-03 -2.153035998344421387e-02 -3.812873065471649170e-01 4.819451831281185150e-03 9.999113082885742188e-01 -1.241078041493892670e-02 -3.643231987953186035e-01 2.159157022833824158e-02 1.230396982282400131e-02 9.996911883354187012e-01 1.916967010498046875e+01
9.997621774673461914e-01 -3.422674024477601051e-03 -2.153588086366653442e-02 -4.065575003623962402e-01 3.148128977045416832e-03 9.999135136604309082e-01 -1.276932004839181900e-02 -4.078809022903442383e-01 2.157773077487945557e-02 1.269847992807626724e-02 9.996864795684814453e-01 2.099061965942382812e+01
9.997726082801818848e-01 4.687528999056667089e-04 -2.131794951856136322e-02 -4.375605881214141846e-01 -8.075310033746063709e-04 9.998735189437866211e-01 -1.588585041463375092e-02 -4.631429910659790039e-01 2.130780927836894989e-02 1.589944958686828613e-02 9.996464848518371582e-01 2.287774085998535156e+01
9.997575879096984863e-01 5.791203118860721588e-03 -2.123996056616306305e-02 -4.686399996280670166e-01 -6.143964827060699463e-03 9.998435974121093750e-01 -1.658089086413383484e-02 -5.208191275596618652e-01 2.114062011241912842e-02 1.670737005770206451e-02 9.996368885040283203e-01 2.482497024536132812e+01
9.997432231903076172e-01 6.684037856757640839e-03 -2.165237069129943848e-02 -5.055764913558959961e-01 -7.043804973363876343e-03 9.998376965522766113e-01 -1.658207923173904419e-02 -5.806978940963745117e-01 2.153803035616874695e-02 1.673033088445663452e-02 9.996280074119567871e-01 2.679488945007324219e+01
9.997180104255676270e-01 8.169161155819892883e-03 -2.229874022305011749e-02 -5.464848279953002930e-01 -8.471998386085033417e-03 9.998726844787597656e-01 -1.352027989923954010e-02 -6.430975794792175293e-01 2.218545973300933838e-02 1.370538026094436646e-02 9.996598958969116211e-01 2.880310058593750000e+01
9.997048974037170410e-01 8.689446374773979187e-03 -2.268546074628829956e-02 -5.884758234024047852e-01 -8.985540829598903656e-03 9.998753070831298828e-01 -1.298294030129909515e-02 -7.048065066337585449e-01 2.256982028484344482e-02 1.318295020610094070e-02 9.996584057807922363e-01 3.083819961547851562e+01
9.996851086616516113e-01 9.563055820763111115e-03 -2.320037037134170532e-02 -6.341856122016906738e-01 -9.875839576125144958e-03 9.998614192008972168e-01 -1.340487040579319000e-02 -7.658540010452270508e-01 2.306896075606346130e-02 1.362976990640163422e-02 9.996410012245178223e-01 3.290250015258789062e+01
9.996656179428100586e-01 9.103416465222835541e-03 -2.420488931238651276e-02 -6.799668073654174805e-01 -9.280078113079071045e-03 9.999309778213500977e-01 -7.196274120360612869e-03 -8.250696063041687012e-01 2.413772046566009521e-02 7.418490014970302582e-03 9.996811151504516602e-01 3.500439071655273438e+01
9.996389746665954590e-01 9.218534454703330994e-03 -2.523677051067352295e-02 -7.318156957626342773e-01 -9.321933612227439880e-03 9.999486207962036133e-01 -3.982562106102705002e-03 -8.792448043823242188e-01 2.519875951111316681e-02 4.216379951685667038e-03 9.996736049652099609e-01 3.712992095947265625e+01
9.996234774589538574e-01 8.853186853229999542e-03 -2.597288042306900024e-02 -7.637420296669006348e-01 -9.008679538965225220e-03 9.999421238899230957e-01 -5.875765811651945114e-03 -9.173898100852966309e-01 2.591935917735099792e-02 6.107535213232040405e-03 9.996454119682312012e-01 3.927698898315429688e+01
9.995911121368408203e-01 8.601038716733455658e-03 -2.727063000202178955e-02 -8.119807839393615723e-01 -8.683287538588047028e-03 9.999580979347229004e-01 -2.898948034271597862e-03 -9.707248210906982422e-01 2.724456042051315308e-02 3.134561004117131233e-03 9.996238946914672852e-01 4.143101119995117188e+01
9.995471835136413574e-01 1.021999958902597427e-02 -2.830095961689949036e-02 -8.709114193916320801e-01 -1.022404991090297699e-02 9.999477267265319824e-01 1.828267045311804395e-06 -1.026978969573974609e+00 2.829949930310249329e-02 2.875236968975514174e-04 9.995995163917541504e-01 4.358049011230468750e+01
9.995085000991821289e-01 1.235171034932136536e-02 -2.881189063191413879e-02 -9.448053836822509766e-01 -1.260321959853172302e-02 9.998838901519775391e-01 -8.564026094973087311e-03 -1.065232038497924805e+00 2.870276942849159241e-02 8.922939188778400421e-03 9.995481967926025391e-01 4.570729064941406250e+01
9.994989037513732910e-01 1.324263960123062134e-02 -2.875025942921638489e-02 -1.015604019165039062e+00 -1.343042030930519104e-02 9.998896121978759766e-01 -6.348081864416599274e-03 -1.110851049423217773e+00 2.866302058100700378e-02 6.731028202921152115e-03 9.995664954185485840e-01 4.785820007324218750e+01
9.995219707489013672e-01 1.204171963036060333e-02 -2.847355976700782776e-02 -1.079496026039123535e+00 -1.212515030056238174e-02 9.999226927757263184e-01 -2.758981892839074135e-03 -1.149441003799438477e+00 2.843813039362430573e-02 3.102909075096249580e-03 9.995906949043273926e-01 5.001065063476562500e+01
9.995570778846740723e-01 1.082090009003877640e-02 -2.772131934762001038e-02 -1.142897009849548340e+00 -1.097230985760688782e-02 9.999256134033203125e-01 -5.315485876053571701e-03 -1.184929013252258301e+00 2.766174077987670898e-02 5.617298185825347900e-03 9.996016025543212891e-01 5.215953826904296875e+01
9.995598196983337402e-01 1.097808033227920532e-02 -2.756386063992977142e-02 -1.210486054420471191e+00 -1.125243026763200760e-02 9.998884797096252441e-01 -9.817640297114849091e-03 -1.221230030059814453e+00 2.745301090180873871e-02 1.012348011136054993e-02 9.995718002319335938e-01 5.430646896362304688e+01
9.995930790901184082e-01 7.889460772275924683e-03 -2.741337008774280548e-02 -1.282227993011474609e+00 -8.313639089465141296e-03 9.998468756675720215e-01 -1.539395004510879517e-02 -1.272192001342773438e+00 2.728771977126598358e-02 1.561558991670608521e-02 9.995056986808776855e-01 5.644377899169921875e+01
9.996159076690673828e-01 5.272755865007638931e-03 -2.720939926803112030e-02 -1.352180957794189453e+00 -5.472262855619192123e-03 9.999585747718811035e-01 -7.262988016009330750e-03 -1.322687983512878418e+00 2.716998010873794556e-02 7.409093901515007019e-03 9.996033906936645508e-01 5.860062026977539062e+01
9.996383190155029297e-01 2.508969977498054504e-03 -2.677796036005020142e-02 -1.418009042739868164e+00 -2.506309887394309044e-03 9.999967813491821289e-01 1.329272054135799408e-04 -1.354326963424682617e+00 2.677821926772594452e-02 -6.576442683581262827e-05 9.996414184570312500e-01 6.076850891113281250e+01
9.996452927589416504e-01 -2.548634074628353119e-03 -2.651046030223369598e-02 -1.469495058059692383e+00 2.379542915150523186e-03 9.999765753746032715e-01 -6.407902110368013382e-03 -1.377470970153808594e+00 2.652616985142230988e-02 6.342545151710510254e-03 9.996280074119567871e-01 6.292512893676757812e+01
9.996482133865356445e-01 -1.301740994676947594e-03 -2.649101987481117249e-02 -1.528092026710510254e+00 9.079193114303052425e-04 9.998890161514282227e-01 -1.487283967435359955e-02 -1.415207028388977051e+00 2.650743909180164337e-02 1.484355982393026352e-02 9.995384216308593750e-01 6.508527374267578125e+01
9.996657967567443848e-01 6.847932934761047363e-03 -2.492658048868179321e-02 -1.593317031860351562e+00 -7.147739175707101822e-03 9.999029040336608887e-01 -1.195832993835210800e-02 -1.460636019706726074e+00 2.484228089451789856e-02 1.213250029832124710e-02 9.996178150177001953e-01 6.726138305664062500e+01
9.996600151062011719e-01 7.575554773211479187e-03 -2.494941093027591705e-02 -1.649240970611572266e+00 -7.807005196809768677e-03 9.999272227287292480e-01 -9.192408062517642975e-03 -1.501927018165588379e+00 2.487795986235141754e-02 9.384062141180038452e-03 9.996464848518371582e-01 6.943492126464843750e+01
9.996733069419860840e-01 4.970250185579061508e-03 -2.507073059678077698e-02 -1.697569966316223145e+00 -5.144800990819931030e-03 9.999629259109497070e-01 -6.902635097503662109e-03 -1.542286992073059082e+00 2.503550052642822266e-02 7.029362954199314117e-03 9.996619224548339844e-01 7.160597229003906250e+01
9.996575117111206055e-01 2.220551948994398117e-03 -2.607526071369647980e-02 -1.754601955413818359e+00 -2.302257111296057701e-03 9.999924898147583008e-01 -3.103834111243486404e-03 -1.593458056449890137e+00 2.606816962361335754e-02 3.162804059684276581e-03 9.996551871299743652e-01 7.376891326904296875e+01
9.996290802955627441e-01 1.607274054549634457e-03 -2.718639001250267029e-02 -1.818016052246093750e+00 -1.826344057917594910e-03 9.999660253524780273e-01 -8.035150356590747833e-03 -1.644073009490966797e+00 2.717255987226963043e-02 8.081820793449878693e-03 9.995980858802795410e-01 7.591172790527343750e+01
9.995890855789184570e-01 4.233092069625854492e-03 -2.834909968078136444e-02 -1.892753958702087402e+00 -4.483809228986501694e-03 9.999513030052185059e-01 -8.786135353147983551e-03 -1.702097058296203613e+00 2.831052988767623901e-02 8.909636177122592926e-03 9.995595216751098633e-01 7.804463958740234375e+01
9.995411038398742676e-01 6.853246130049228668e-03 -2.950637042522430420e-02 -1.971601009368896484e+00 -6.869005039334297180e-03 9.999762773513793945e-01 -4.326931957621127367e-04 -1.759353041648864746e+00 2.950271032750606537e-02 6.351746851578354836e-04 9.995645284652709961e-01 8.018036651611328125e+01
9.995059967041015625e-01 7.795793004333972931e-03 -3.044809028506278992e-02 -2.046091079711914062e+00 -7.848921231925487518e-03 9.999678730964660645e-01 -1.625702949240803719e-03 -1.798449993133544922e+00 3.043444082140922546e-02 1.863884972408413887e-03 9.995350241661071777e-01 8.229562377929687500e+01
9.994751811027526855e-01 7.225519046187400818e-03 -3.157600015401840210e-02 -2.118144989013671875e+00 -7.306478917598724365e-03 9.999703168869018555e-01 -2.449279883876442909e-03 -1.836349964141845703e+00 3.155736997723579407e-02 2.678704913705587387e-03 9.994984269142150879e-01 8.438146209716796875e+01
9.994472265243530273e-01 4.547047894448041916e-03 -3.293427824974060059e-02 -2.187212944030761719e+00 -4.572445992380380630e-03 9.999892711639404297e-01 -6.958513986319303513e-04 -1.871237993240356445e+00 3.293076902627944946e-02 8.460574899800121784e-04 9.994572997093200684e-01 8.641716003417968750e+01
9.994019269943237305e-01 4.012762103229761124e-03 -3.434628993272781372e-02 -2.262424945831298828e+00 -3.902838099747896194e-03 9.999870061874389648e-01 3.266921034082770348e-03 -1.907770037651062012e+00 3.435895964503288269e-02 -3.130917903035879135e-03 9.994047284126281738e-01 8.838263702392578125e+01
9.992113113403320312e-01 2.138298936188220978e-03 -3.965073078870773315e-02 -2.344772100448608398e+00 -2.031068084761500359e-03 9.999940991401672363e-01 2.744487952440977097e-03 -1.950966000556945801e+00 3.965637087821960449e-02 -2.661789068952202797e-03 9.992098212242126465e-01 9.026555633544921875e+01
9.989306926727294922e-01 1.832804991863667965e-03 -4.619659855961799622e-02 -2.434745073318481445e+00 -1.755145029164850712e-03 9.999970197677612305e-01 1.721602980978786945e-03 -1.993636965751647949e+00 4.619961977005004883e-02 -1.638678950257599354e-03 9.989308714866638184e-01 9.205518341064453125e+01
9.986193776130676270e-01 3.941519185900688171e-03 -5.238125845789909363e-02 -2.538278102874755859e+00 -3.724413923919200897e-03 9.999840259552001953e-01 4.241689108312129974e-03 -2.044394016265869141e+00 5.239715054631233215e-02 -4.040741827338933945e-03 9.986181855201721191e-01 9.375396728515625000e+01
9.982947111129760742e-01 6.427526008337736130e-03 -5.802030116319656372e-02 -2.649588108062744141e+00 -6.047890055924654007e-03 9.999591112136840820e-01 6.716404110193252563e-03 -2.083333015441894531e+00 5.806110054254531860e-02 -6.354047916829586029e-03 9.982928037643432617e-01 9.535205841064453125e+01
9.979504942893981934e-01 1.045329961925745010e-02 -6.313131004571914673e-02 -2.769309997558593750e+00 -1.006762962788343430e-02 9.999287128448486328e-01 6.424075923860073090e-03 -2.127247095108032227e+00 6.319396197795867920e-02 -5.775324068963527679e-03 9.979845881462097168e-01 9.683647155761718750e+01
9.975717067718505859e-01 1.414368022233247757e-02 -6.819605082273483276e-02 -2.885302066802978516e+00 -1.423254981637001038e-02 9.998983740806579590e-01 -8.174607064574956894e-04 -2.169614076614379883e+00 6.817755848169326782e-02 1.786079956218600273e-03 9.976716041564941406e-01 9.819683074951171875e+01
9.972885847091674805e-01 1.777341961860656738e-02 -7.141099870204925537e-02 -2.992554903030395508e+00 -1.815495081245899200e-02 9.998241066932678223e-01 -4.697178024798631668e-03 -2.217649936676025391e+00 7.131496071815490723e-02 5.980905145406723022e-03 9.974359273910522461e-01 9.943737030029296875e+01
9.974082112312316895e-01 2.401071041822433472e-02 -6.782548129558563232e-02 -3.092267036437988281e+00 -2.423148043453693390e-02 9.997034072875976562e-01 -2.434004098176956177e-03 -2.268332958221435547e+00 6.774692982435226440e-02 4.071208182722330093e-03 9.976941943168640137e-01 1.005818023681640625e+02
9.980865120887756348e-01 2.769473940134048462e-02 -5.528438091278076172e-02 -3.162399053573608398e+00 -2.768287062644958496e-02 9.996162056922912598e-01 9.807221358641982079e-04 -2.311034917831420898e+00 5.529033020138740540e-02 5.515859229490160942e-04 9.984701871871948242e-01 1.016362991333007812e+02
9.990500211715698242e-01 2.711619995534420013e-02 -3.411623835563659668e-02 -3.196722030639648438e+00 -2.696659043431282043e-02 9.996246099472045898e-01 4.838231950998306274e-03 -2.349062919616699219e+00 3.423463180661201477e-02 -3.913634922355413437e-03 9.994062185287475586e-01 1.026043014526367188e+02
9.996430873870849609e-01 2.606406994163990021e-02 -5.856807809323072433e-03 -3.198184013366699219e+00 -2.603946998715400696e-02 9.996519088745117188e-01 4.238673020154237747e-03 -2.391846895217895508e+00 5.965246818959712982e-03 -4.084650892764329910e-03 9.999738931655883789e-01 1.034865036010742188e+02
9.991757273674011230e-01 2.397217042744159698e-02 3.276205062866210938e-02 -3.156876087188720703e+00 -2.388296090066432953e-02 9.997099041938781738e-01 -3.111873054876923561e-03 -2.432590007781982422e+00 -3.282713890075683594e-02 2.326853107661008835e-03 9.994583129882812500e-01 1.043189010620117188e+02
9.962909817695617676e-01 1.953501068055629730e-02 8.380147069692611694e-02 -3.061831951141357422e+00 -1.869541034102439880e-02 9.997670054435729980e-01 -1.079204957932233810e-02 -2.472038984298706055e+00 -8.399277180433273315e-02 9.185319766402244568e-03 9.964240193367004395e-01 1.051162033081054688e+02
9.892475008964538574e-01 1.437844987958669662e-02 1.455422937870025635e-01 -2.911417961120605469e+00 -1.252083014696836472e-02 9.998281002044677734e-01 -1.367149967700242996e-02 -2.507487058639526367e+00 -1.457138955593109131e-01 1.170217990875244141e-02 9.892575740814208984e-01 1.058777999877929688e+02
9.756820797920227051e-01 8.224854245781898499e-03 2.190361022949218750e-01 -2.699436902999877930e+00 -4.860504064708948135e-03 9.998617768287658691e-01 -1.589423976838588715e-02 -2.548584938049316406e+00 -2.191365957260131836e-01 1.444310043007135391e-02 9.755873084068298340e-01 1.066026992797851562e+02
9.538763165473937988e-01 5.989151075482368469e-03 3.001401126384735107e-01 -2.431747913360595703e+00 -7.529465947300195694e-04 9.998455047607421875e-01 -1.755850017070770264e-02 -2.585374116897583008e+00 -3.001989126205444336e-01 1.652264036238193512e-02 9.537335038185119629e-01 1.072854003906250000e+02
9.213635921478271484e-01 7.841691374778747559e-03 3.886227011680603027e-01 -2.109386920928955078e+00 -1.344340969808399677e-03 9.998548030853271484e-01 -1.698800921440124512e-02 -2.615942955017089844e+00 -3.886995017528533936e-01 1.512969005852937698e-02 9.212403893470764160e-01 1.079269027709960938e+02
8.787761926651000977e-01 5.396942142397165298e-03 4.772036075592041016e-01 -1.720224976539611816e+00 2.468527993187308311e-03 9.998711943626403809e-01 -1.585388928651809692e-02 -2.641910076141357422e+00 -4.772278070449829102e-01 1.511000003665685654e-02 8.786497116088867188e-01 1.085152969360351562e+02
8.268620967864990234e-01 7.076745852828025818e-03 5.623602271080017090e-01 -1.282824993133544922e+00 5.372215993702411652e-03 9.997758269309997559e-01 -2.048018947243690491e-02 -2.670469045639038086e+00 -5.623791217803955078e-01 1.995540969073772430e-02 8.266386985778808594e-01 1.090495986938476562e+02
7.634310722351074219e-01 1.721086911857128143e-02 6.456599831581115723e-01 -7.972273230552673340e-01 1.533558010123670101e-03 9.995937943458557129e-01 -2.845871075987815857e-02 -2.691905975341796875e+00 -6.458874940872192383e-01 2.271641977131366730e-02 7.630946040153503418e-01 1.095491027832031250e+02
6.876531839370727539e-01 2.243150025606155396e-02 7.256926894187927246e-01 -2.466358989477157593e-01 7.842081249691545963e-04 9.994990825653076172e-01 -3.163808956742286682e-02 -2.712111949920654297e+00 -7.260388731956481934e-01 2.232512086629867554e-02 6.872910857200622559e-01 1.100156021118164062e+02
6.035009026527404785e-01 1.731668971478939056e-02 7.971742153167724609e-01 3.744581043720245361e-01 6.707205902785062790e-03 9.996184706687927246e-01 -2.679201029241085052e-02 -2.732922077178955078e+00 -7.973340749740600586e-01 2.151581086218357086e-02 6.031544804573059082e-01 1.104039993286132812e+02
5.100162029266357422e-01 1.318784989416599274e-02 8.600636720657348633e-01 1.049532055854797363e+00 9.403781965374946594e-03 9.997372031211853027e-01 -2.090598084032535553e-02 -2.753607034683227539e+00 -8.601135015487670898e-01 1.875022985041141510e-02 5.097581148147583008e-01 1.107304000854492188e+02
4.082058966159820557e-01 8.234296925365924835e-03 9.128527045249938965e-01 1.774098992347717285e+00 9.891073219478130341e-03 9.998607039451599121e-01 -1.344219967722892761e-02 -2.777327060699462891e+00 -9.128363132476806641e-01 1.451626978814601898e-02 4.080676138401031494e-01 1.109878997802734375e+02
3.067218959331512451e-01 1.787319965660572052e-02 9.516313076019287109e-01 2.533142089843750000e+00 5.747217219322919846e-03 9.997705817222595215e-01 -2.062973007559776306e-02 -2.796272039413452148e+00 -9.517819285392761230e-01 1.179681997746229172e-02 3.065488040447235107e-01 1.111850967407226562e+02
2.179078012704849243e-01 1.961096934974193573e-02 9.757723212242126465e-01 3.350702047348022461e+00 1.357172988355159760e-02 9.996405243873596191e-01 -2.312150038778781891e-02 -2.818456888198852539e+00 -9.758750200271606445e-01 1.828126981854438782e-02 2.175633013248443604e-01 1.113181991577148438e+02
1.513859033584594727e-01 2.092433907091617584e-02 9.882531762123107910e-01 4.227265834808349609e+00 2.705724909901618958e-02 9.993135929107666016e-01 -2.530330047011375427e-02 -2.840259075164794922e+00 -9.881044030189514160e-01 3.056997060775756836e-02 1.507159024477005005e-01 1.114022979736328125e+02
9.696370363235473633e-02 1.560921035706996918e-02 9.951655268669128418e-01 5.173439025878906250e+00 1.880566030740737915e-02 9.996697902679443359e-01 -1.751218922436237335e-02 -2.871679067611694336e+00 -9.951102733612060547e-01 2.041278034448623657e-02 9.663814306259155273e-02 1.114895019531250000e+02
4.961924999952316284e-02 8.990929462015628815e-03 9.987276792526245117e-01 6.192944049835205078e+00 1.713407970964908600e-02 9.998046159744262695e-01 -9.851891547441482544e-03 -2.902143955230712891e+00 -9.986212849617004395e-01 1.760111935436725616e-02 4.945550113916397095e-02 1.115271987915039062e+02
1.095538027584552765e-02 1.122155040502548218e-02 9.998769760131835938e-01 7.282318115234375000e+00 2.994530089199542999e-02 9.994847774505615234e-01 -1.154526043683290482e-02 -2.930538892745971680e+00 -9.994915127754211426e-01 3.006809018552303314e-02 1.061370037496089935e-02 1.115003967285156250e+02
-1.522981002926826477e-02 2.191925048828125000e-02 9.996436834335327148e-01 8.447661399841308594e+00 2.859549969434738159e-02 9.993603229522705078e-01 -2.147739008069038391e-02 -2.943016052246093750e+00 -9.994751214981079102e-01 2.825821004807949066e-02 -1.584685966372489929e-02 1.114822006225585938e+02
-2.491484954953193665e-02 1.845120079815387726e-02 9.995192885398864746e-01 9.708447456359863281e+00 3.655336052179336548e-02 9.991778135299682617e-01 -1.753374934196472168e-02 -2.966443061828613281e+00 -9.990211129188537598e-01 3.609893098473548889e-02 -2.556882053613662720e-02 1.114330978393554688e+02
-2.312929928302764893e-02 1.652093045413494110e-02 9.995958805084228516e-01 1.104172992706298828e+01 3.862182050943374634e-02 9.991317987442016602e-01 -1.561960019171237946e-02 -2.993916988372802734e+00 -9.989861845970153809e-01 3.824492916464805603e-02 -2.374728955328464508e-02 1.113976974487304688e+02
-2.066773921251296997e-02 1.829032041132450104e-02 9.996191263198852539e-01 1.244056987762451172e+01 3.375051170587539673e-02 9.992755055427551270e-01 -1.758622936904430389e-02 -3.020979881286621094e+00 -9.992166161537170410e-01 3.337417915463447571e-02 -2.127007953822612762e-02 1.113766021728515625e+02
-1.940800063312053680e-02 1.845004968345165253e-02 9.996414184570312500e-01 1.390219974517822266e+01 3.300790116190910339e-02 9.992964863777160645e-01 -1.780284009873867035e-02 -3.051223039627075195e+00 -9.992666840553283691e-01 3.265054151415824890e-02 -2.000333927571773529e-02 1.113451004028320312e+02
-1.820958964526653290e-02 1.570493914186954498e-02 9.997107982635498047e-01 1.542376995086669922e+01 3.246255964040756226e-02 9.993587136268615723e-01 -1.510811038315296173e-02 -3.095310926437377930e+00 -9.993070960044860840e-01 3.217805176973342896e-02 -1.870773918926715851e-02 1.113239974975585938e+02
-2.016063965857028961e-02 1.196132972836494446e-02 9.997252225875854492e-01 1.698098945617675781e+01 3.120717033743858337e-02 9.994487166404724121e-01 -1.132869999855756760e-02 -3.141005992889404297e+00 -9.993095993995666504e-01 3.097020089626312256e-02 -2.052281051874160767e-02 1.112942962646484375e+02
-2.322967909276485443e-02 8.366560563445091248e-03 9.996951222419738770e-01 1.856541061401367188e+01 3.187308833003044128e-02 9.994627833366394043e-01 -7.623995188623666763e-03 -3.176462888717651367e+00 -9.992219805717468262e-01 3.168626129627227783e-02 -2.348387055099010468e-02 1.112518997192382812e+02
-2.654198929667472839e-02 5.000473931431770325e-03 9.996352195739746094e-01 2.018791007995605469e+01 3.034893050789833069e-02 9.995304942131042480e-01 -4.194139968603849411e-03 -3.214056015014648438e+00 -9.991868734359741211e-01 3.022653050720691681e-02 -2.668128907680511475e-02 1.112065963745117188e+02
-2.804744988679885864e-02 1.509420014917850494e-02 9.994925856590270996e-01 2.182752037048339844e+01 2.924817055463790894e-02 9.994701743125915527e-01 -1.427310984581708908e-02 -3.250814914703369141e+00 -9.991785883903503418e-01 2.883299998939037323e-02 -2.847407944500446320e-02 1.111686019897460938e+02
-2.984140999615192413e-02 1.484382990747690201e-02 9.994444251060485840e-01 2.349682044982910156e+01 2.643241919577121735e-02 9.995517134666442871e-01 -1.405621040612459183e-02 -3.298254966735839844e+00 -9.992051124572753906e-01 2.599827013909816742e-02 -3.022040054202079773e-02 1.111373977661132812e+02
-3.056496940553188324e-02 4.928689915686845779e-03 9.995205998420715332e-01 2.518207931518554688e+01 2.158533968031406403e-02 9.997578859329223633e-01 -4.269793163985013962e-03 -3.350402116775512695e+00 -9.992997050285339355e-01 2.144448086619377136e-02 -3.066395968198776245e-02 1.111110000610351562e+02
-3.037823922932147980e-02 -1.870939042419195175e-03 9.995366930961608887e-01 2.686545944213867188e+01 1.530089043080806732e-02 9.998801946640014648e-01 2.336608013138175011e-03 -3.392421007156372070e+00 -9.994214177131652832e-01 1.536478009074926376e-02 -3.034597076475620270e-02 1.110866012573242188e+02
-2.823684923350811005e-02 1.516988035291433334e-02 9.994860887527465820e-01 2.851752090454101562e+01 2.033912949264049530e-02 9.996864795684814453e-01 -1.459832023829221725e-02 -3.439637899398803711e+00 -9.993944168090820312e-01 1.991645991802215576e-02 -2.853653952479362488e-02 1.110417022705078125e+02
-2.636108919978141785e-02 1.615496911108493805e-02 9.995219111442565918e-01 3.017177963256835938e+01 2.380198985338211060e-02 9.995961189270019531e-01 -1.552843023091554642e-02 -3.494748115539550781e+00 -9.993690848350524902e-01 2.338125929236412048e-02 -2.673495933413505554e-02 1.109962005615234375e+02
-2.452144958078861237e-02 5.048207007348537445e-03 9.996864795684814453e-01 3.182438087463378906e+01 2.812593989074230194e-02 9.995949268341064453e-01 -4.357843194156885147e-03 -3.550385951995849609e+00 -9.993035793304443359e-01 2.801026031374931335e-02 -2.465350925922393799e-02 1.109495010375976562e+02
-2.520881965756416321e-02 6.438168231397867203e-03 9.996615052223205566e-01 3.344955062866210938e+01 2.428459934890270233e-02 9.996880888938903809e-01 -5.825949832797050476e-03 -3.597379922866821289e+00 -9.993872046470642090e-01 2.412950992584228516e-02 -2.535730972886085510e-02 1.109148025512695312e+02
-2.907136082649230957e-02 6.272478029131889343e-03 9.995576143264770508e-01 3.505968856811523438e+01 2.164929918944835663e-02 9.997497200965881348e-01 -5.644034128636121750e-03 -3.643377065658569336e+00 -9.993429183959960938e-01 2.147563919425010681e-02 -2.919987961649894714e-02 1.108734970092773438e+02
-3.323135897517204285e-02 7.280968129634857178e-03 9.994211196899414062e-01 3.665571975708007812e+01 1.909225992858409882e-02 9.997956156730651855e-01 -6.648872047662734985e-03 -3.692321062088012695e+00 -9.992653131484985352e-01 1.886025071144104004e-02 -3.336358070373535156e-02 1.108322982788085938e+02
-3.732819855213165283e-02 4.989269189536571503e-03 9.992905855178833008e-01 3.824061965942382812e+01 1.747570931911468506e-02 9.998378157615661621e-01 -4.339206963777542114e-03 -3.739392995834350586e+00 -9.991502761840820312e-01 1.730133034288883209e-02 -3.740933910012245178e-02 1.107876968383789062e+02
-4.114167019724845886e-02 5.913874134421348572e-03 9.991357922554016113e-01 3.980437088012695312e+01 1.695434935390949249e-02 9.998425841331481934e-01 -5.219928920269012451e-03 -3.788914918899536133e+00 -9.990094900131225586e-01 1.672494038939476013e-02 -4.123546183109283447e-02 1.107309036254882812e+02
-4.335089027881622314e-02 5.462524946779012680e-03 9.990450143814086914e-01 4.134827041625976562e+01 1.953434944152832031e-02 9.997984766960144043e-01 -4.619009792804718018e-03 -3.834867954254150391e+00 -9.988688826560974121e-01 1.931544952094554901e-02 -4.344886168837547302e-02 1.106617965698242188e+02
-4.613078013062477112e-02 3.792298957705497742e-03 9.989281892776489258e-01 4.287606048583984375e+01 1.865418069064617157e-02 9.998217225074768066e-01 -2.934240968897938728e-03 -3.885454893112182617e+00 -9.987612962722778320e-01 1.849881932139396667e-02 -4.619330167770385742e-02 1.105934982299804688e+02
-4.844212159514427185e-02 1.858945004642009735e-03 9.988241791725158691e-01 4.435900878906250000e+01 1.563943922519683838e-02 9.998770952224731445e-01 -1.102408976294100285e-03 -3.927505970001220703e+00 -9.987035989761352539e-01 1.556763984262943268e-02 -4.846524074673652649e-02 1.105328979492187500e+02
-4.963266849517822266e-02 3.439404070377349854e-03 9.987615942955017090e-01 4.577870178222656250e+01 1.594991981983184814e-02 9.998692870140075684e-01 -2.650603884831070900e-03 -3.968245983123779297e+00 -9.986401796340942383e-01 1.579860970377922058e-02 -4.968104884028434753e-02 1.104721984863281250e+02
-4.991082102060317993e-02 8.104079402983188629e-03 9.987208247184753418e-01 4.717652130126953125e+01 1.435816008597612381e-02 9.998695254325866699e-01 -7.395859807729721069e-03 -4.011754989624023438e+00 -9.986504912376403809e-01 1.397064980119466782e-02 -5.002067983150482178e-02 1.104123001098632812e+02
-5.019960179924964905e-02 8.863095194101333618e-03 9.986999034881591797e-01 4.856560897827148438e+01 1.583562046289443970e-02 9.998419880867004395e-01 -8.077259175479412079e-03 -4.055338859558105469e+00 -9.986137151718139648e-01 1.540954969823360443e-02 -5.033202841877937317e-02 1.103479003906250000e+02
-5.087475106120109558e-02 8.507833816111087799e-03 9.986687898635864258e-01 4.993952941894531250e+01 1.311497017741203308e-02 9.998831748962402344e-01 -7.850075140595436096e-03 -4.093811988830566406e+00 -9.986190199851989746e-01 1.269813999533653259e-02 -5.098038911819458008e-02 1.102891006469726562e+02
-5.069705098867416382e-02 6.789370905607938766e-03 9.986910223960876465e-01 5.129885864257812500e+01 1.208748016506433487e-02 9.999077916145324707e-01 -6.184045225381851196e-03 -4.131755828857421875e+00 -9.986410140991210938e-01 1.175814028829336166e-02 -5.077445134520530701e-02 1.102291030883789062e+02
-5.487973988056182861e-02 5.891528911888599396e-03 9.984756112098693848e-01 5.264110946655273438e+01 9.889218956232070923e-03 9.999366998672485352e-01 -5.356608889997005463e-03 -4.167843818664550781e+00 -9.984440207481384277e-01 9.580170735716819763e-03 -5.493453145027160645e-02 1.101638031005859375e+02
-6.594365090131759644e-02 8.719935081899166107e-03 9.977852106094360352e-01 5.396640014648437500e+01 8.774152956902980804e-03 9.999281764030456543e-01 -8.158784359693527222e-03 -4.204713821411132812e+00 -9.977847933769226074e-01 8.216696791350841522e-03 -6.601542979478836060e-02 1.100843963623046875e+02
-7.976551353931427002e-02 1.367826014757156372e-02 9.967197775840759277e-01 5.529671859741210938e+01 1.069626025855541229e-02 9.998599886894226074e-01 -1.286535989493131638e-02 -4.239740848541259766e+00 -9.967563152313232422e-01 9.634954854846000671e-03 -7.990065962076187134e-02 1.099757995605468750e+02
-9.151916950941085815e-02 1.184082962572574615e-02 9.957329034805297852e-01 5.664511871337890625e+01 5.857237149029970169e-03 9.999184012413024902e-01 -1.135225966572761536e-02 -4.283061027526855469e+00 -9.957860708236694336e-01 4.793290980160236359e-03 -9.158106148242950439e-02 1.098595962524414062e+02
-9.999901801347732544e-02 1.143900956958532333e-02 9.949218034744262695e-01 5.801251983642578125e+01 1.729847979731857777e-03 9.999343752861022949e-01 -1.132277958095073700e-02 -4.323997020721435547e+00 -9.949861168861389160e-01 5.887941224500536919e-04 -1.000121980905532837e-01 1.097248992919921875e+02
-1.045340970158576965e-01 5.579471122473478317e-03 9.945055842399597168e-01 5.941859817504882812e+01 3.960114903748035431e-03 9.999786019325256348e-01 -5.193926859647035599e-03 -4.360434055328369141e+00 -9.945133924484252930e-01 3.395411884412169456e-03 -1.045539975166320801e-01 1.095755004882812500e+02
-1.078469976782798767e-01 1.980979926884174347e-03 9.941654801368713379e-01 6.086806106567382812e+01 2.647992921993136406e-03 9.999949932098388672e-01 -1.705346046946942806e-03 -4.390954017639160156e+00 -9.941639900207519531e-01 2.448624931275844574e-03 -1.078516989946365356e-01 1.094297027587890625e+02
-1.087611988186836243e-01 9.316178970038890839e-03 9.940242171287536621e-01 6.232941055297851562e+01 9.639907628297805786e-03 9.999188780784606934e-01 -8.316679857671260834e-03 -4.420348167419433594e+00 -9.940211772918701172e-01 8.677765727043151855e-03 -1.088422015309333801e-01 1.092650985717773438e+02
-1.100409999489784241e-01 1.596005074679851532e-02 9.937989115715026855e-01 6.381462097167968750e+01 1.875611022114753723e-02 9.997262954711914062e-01 -1.397843006998300552e-02 -4.456517219543457031e+00 -9.937500953674316406e-01 1.710158959031105042e-02 -1.103101968765258789e-01 1.090910034179687500e+02
-1.104469969868659973e-01 7.719377987086772919e-03 9.938520193099975586e-01 6.531556701660156250e+01 1.572797074913978577e-02 9.998582005500793457e-01 -6.018180865794420242e-03 -4.499677181243896484e+00 -9.937576055526733398e-01 1.496658008545637131e-02 -1.105528026819229126e-01 1.089344024658203125e+02
-1.115463972091674805e-01 5.771519150584936142e-03 9.937424063682556152e-01 6.680583953857421875e+01 1.874393969774246216e-02 9.998173713684082031e-01 -3.702820977196097374e-03 -4.708746910095214844e+00 -9.935824871063232422e-01 1.821360923349857330e-02 -1.116342991590499878e-01 1.087907028198242188e+02
-1.155968010425567627e-01 7.492320146411657333e-03 9.932678937911987305e-01 6.828566741943359375e+01 1.688045077025890350e-02 9.998419284820556641e-01 -5.577361211180686951e-03 -4.884584903717041016e+00 -9.931527972221374512e-01 1.612208038568496704e-02 -1.157049983739852905e-01 1.086477966308593750e+02
-1.195878013968467712e-01 7.408337201923131943e-03 9.927960038185119629e-01 6.977011108398437500e+01 1.837543956935405731e-02 9.998173713684082031e-01 -5.247313063591718674e-03 -5.019804954528808594e+00 -9.926536083221435547e-01 1.761553995311260223e-02 -1.197021007537841797e-01 1.084825973510742188e+02
-1.234095022082328796e-01 7.376899011433124542e-03 9.923284053802490234e-01 7.127406311035156250e+01 1.559288986027240753e-02 9.998633265495300293e-01 -5.493730772286653519e-03 -5.125755786895751953e+00 -9.922332763671875000e-01 1.479529030621051788e-02 -1.235077008605003357e-01 1.083160018920898438e+02
-1.253807991743087769e-01 8.769852109253406525e-03 9.920699000358581543e-01 7.278694915771484375e+01 1.435901038348674774e-02 9.998722076416015625e-01 -7.024094928056001663e-03 -5.215003013610839844e+00 -9.920048117637634277e-01 1.336445007473230362e-02 -1.254906952381134033e-01 1.081438980102539062e+02
-1.278121024370193481e-01 7.724362891167402267e-03 9.917683005332946777e-01 7.432302093505859375e+01 1.476540975272655487e-02 9.998735785484313965e-01 -5.884634796530008316e-03 -5.288826942443847656e+00 -9.916884899139404297e-01 1.389173045754432678e-02 -1.279100030660629272e-01 1.079664993286132812e+02
-1.306425034999847412e-01 3.493916010484099388e-03 9.914234280586242676e-01 7.587890625000000000e+01 9.506667032837867737e-03 9.999521970748901367e-01 -2.271258970722556114e-03 -5.352632045745849609e+00 -9.913840293884277344e-01 9.128404781222343445e-03 -1.306695044040679932e-01 1.077829971313476562e+02
-1.344690024852752686e-01 3.147962968796491623e-03 9.909127950668334961e-01 7.745430755615234375e+01 1.159636024385690689e-02 9.999315142631530762e-01 -1.602967968210577965e-03 -5.407645225524902344e+00 -9.908499717712402344e-01 1.127543020993471146e-02 -1.344963014125823975e-01 1.075824966430664062e+02
-1.383602023124694824e-01 7.756542880088090897e-03 9.903516173362731934e-01 7.904660034179687500e+01 1.180350035429000854e-02 9.999111890792846680e-01 -6.182374898344278336e-03 -5.449246883392333984e+00 -9.903116822242736816e-01 1.083421986550092697e-02 -1.384395062923431396e-01 1.073780975341796875e+02
-1.397558003664016724e-01 1.572526991367340088e-02 9.900611042976379395e-01 8.065615844726562500e+01 1.567533984780311584e-02 9.997836947441101074e-01 -1.366699021309614182e-02 -5.497261047363281250e+00 -9.900619983673095703e-01 1.360949967056512833e-02 -1.399720013141632080e-01 1.071591033935546875e+02
-1.390177011489868164e-01 1.633615046739578247e-02 9.901551008224487305e-01 8.229746246337890625e+01 2.133373916149139404e-02 9.996812939643859863e-01 -1.349806971848011017e-02 -5.550477027893066406e+00 -9.900600910186767578e-01 1.924723945558071136e-02 -1.393218934535980225e-01 1.069329986572265625e+02
-1.381253004074096680e-01 1.301215030252933502e-02 9.903293251991271973e-01 8.396282196044921875e+01 2.122318930923938751e-02 9.997230172157287598e-01 -1.017550006508827209e-02 -5.600568771362304688e+00 -9.901874065399169922e-01 1.961245015263557434e-02 -1.383631974458694458e-01 1.067162017822265625e+02
-1.347012966871261597e-01 7.330803200602531433e-03 9.908590912818908691e-01 8.565016937255859375e+01 2.069306932389736176e-02 9.997752904891967773e-01 -4.583675879985094070e-03 -5.645151138305664062e+00 -9.906702041625976562e-01 1.988648995757102966e-02 -1.348228007555007935e-01 1.064988021850585938e+02
-1.311869025230407715e-01 3.194229910150170326e-03 9.913524985313415527e-01 8.734879302978515625e+01 1.948756910860538483e-02 9.998099207878112793e-01 -6.426704931072890759e-04 -5.689906120300292969e+00 -9.911661148071289062e-01 1.923472993075847626e-02 -1.312243044376373291e-01 1.062857971191406250e+02
