1.000000000000000000e+00 1.197624985294076794e-11 1.704637958566124212e-10 0.000000000000000000e+00 1.197624985294076794e-11 1.000000000000000000e+00 3.562503070320133247e-10 -1.110223024625156540e-16 1.704637958566124212e-10 3.562503070320133247e-10 1.000000000000000000e+00 2.220446049250313081e-16
9.999980926513671875e-01 1.430880045518279076e-03 -1.366265001706779003e-03 -2.787365019321441650e-02 -1.431233016774058342e-03 9.999989271163940430e-01 -2.576186961960047483e-04 -5.608119815587997437e-02 1.365895033814013004e-03 2.595742989797145128e-04 9.999989867210388184e-01 2.384181022644042969e+00
9.999921917915344238e-01 2.860329113900661469e-03 -2.731934888288378716e-03 -5.573543161153793335e-02 -2.861747052520513535e-03 9.999957084655761719e-01 -5.150905926711857319e-04 -1.121362000703811646e-01 2.730451058596372604e-03 5.229053203947842121e-04 9.999961256980895996e-01 4.767291069030761719e+00
9.999824166297912598e-01 4.290400072932243347e-03 -4.098978824913501740e-03 -8.362554013729095459e-02 -4.293602891266345978e-03 9.999905228614807129e-01 -7.727884803898632526e-04 -1.682458072900772095e-01 4.095625132322311401e-03 7.903748191893100739e-04 9.999912977218627930e-01 7.152769088745117188e+00
9.999687075614929199e-01 5.718770902603864670e-03 -5.465183872729539871e-03 -1.114988997578620911e-01 -5.724485032260417938e-03 9.999830722808837891e-01 -1.030293991789221764e-03 -2.243192940950393677e-01 5.459201056510210037e-03 1.061548013240098953e-03 9.999845027923583984e-01 9.536762237548828125e+00
9.999511241912841797e-01 7.145767100155353546e-03 -6.830868776887655258e-03 -1.393620967864990234e-01 -7.154725026339292526e-03 9.999735951423645020e-01 -1.287668943405151367e-03 -2.803696990013122559e-01 6.821488030254840851e-03 1.336480025202035904e-03 9.999758005142211914e-01 1.191983032226562500e+01
9.999310970306396484e-01 8.435907773673534393e-03 -8.163220249116420746e-03 -1.671407967805862427e-01 -8.448594249784946442e-03 9.999631047248840332e-01 -1.520605990663170815e-03 -3.362948000431060791e-01 8.150093257427215576e-03 1.589469960890710354e-03 9.999654889106750488e-01 1.430348014831542969e+01
9.999048709869384766e-01 9.942671284079551697e-03 -9.559125639498233795e-03 -1.950729042291641235e-01 -9.960151277482509613e-03 9.999487996101379395e-01 -1.782531035132706165e-03 -3.924444913864135742e-01 9.540913626551628113e-03 1.877572038210928440e-03 9.999526739120483398e-01 1.668758010864257812e+01
9.999026060104370117e-01 9.037036448717117310e-03 -1.063811965286731720e-02 -2.220686972141265869e-01 -9.048731066286563873e-03 9.999585151672363281e-01 -1.051572966389358044e-03 -4.450814127922058105e-01 1.062817033380270004e-02 1.147732953540980816e-03 9.999428987503051758e-01 1.907662963867187500e+01
9.998894929885864258e-01 9.007104672491550446e-03 -1.182761043310165405e-02 -2.531558871269226074e-01 -9.043321013450622559e-03 9.999545216560363770e-01 -3.011910943314433098e-03 -4.977816939353942871e-01 1.179995015263557434e-02 3.118538996204733849e-03 9.999254941940307617e-01 2.146467971801757812e+01
9.998621940612792969e-01 9.849565103650093079e-03 -1.336111966520547867e-02 -2.887907922267913818e-01 -9.880847297608852386e-03 9.999486207962036133e-01 -2.277131890878081322e-03 -5.527300834655761719e-01 1.333800982683897018e-02 2.408837899565696716e-03 9.999082088470458984e-01 2.385296058654785156e+01
9.998347759246826172e-01 1.011488959193229675e-02 -1.510545983910560608e-02 -3.273512125015258789e-01 -1.015685033053159714e-02 9.999446868896484375e-01 -2.703181002289056778e-03 -6.069839000701904297e-01 1.507729012519121170e-02 2.856157952919602394e-03 9.998822808265686035e-01 2.624309921264648438e+01
9.998233914375305176e-01 8.611256256699562073e-03 -1.670534908771514893e-02 -3.677985072135925293e-01 -8.617933839559555054e-03 9.999628067016601562e-01 -3.276811912655830383e-04 -6.565641760826110840e-01 1.670191064476966858e-02 4.715895920526236296e-04 9.998604059219360352e-01 2.863711929321289062e+01
9.998008012771606445e-01 7.461296860128641129e-03 -1.851044036448001862e-02 -4.112761914730072021e-01 -7.508905138820409775e-03 9.999685883522033691e-01 -2.503664931282401085e-03 -7.087202072143554688e-01 1.849118061363697052e-02 2.642160048708319664e-03 9.998254776000976562e-01 3.102794075012207031e+01
9.997742176055908203e-01 7.403986062854528427e-03 -1.991672068834304810e-02 -4.596532881259918213e-01 -7.444296032190322876e-03 9.999703764915466309e-01 -1.950489007867872715e-03 -7.632532715797424316e-01 1.990168914198875427e-02 2.098314929753541946e-03 9.997997283935546875e-01 3.342023849487304688e+01
9.997578263282775879e-01 6.402722094208002090e-03 -2.105454914271831512e-02 -5.098189711570739746e-01 -6.438109092414379120e-03 9.999778866767883301e-01 -1.613319036550819874e-03 -8.182721734046936035e-01 2.104376070201396942e-02 1.748480950482189655e-03 9.997770190238952637e-01 3.581256103515625000e+01
9.997456073760986328e-01 5.595697090029716492e-03 -2.184987068176269531e-02 -5.627412199974060059e-01 -5.621432792395353317e-03 9.999836087226867676e-01 -1.116569968871772289e-03 -8.734675049781799316e-01 2.184326015412807465e-02 1.239113975316286087e-03 9.997606277465820312e-01 3.820690155029296875e+01
9.997472763061523438e-01 6.200802978128194809e-03 -2.160646952688694000e-02 -6.181703209877014160e-01 -6.179958116263151169e-03 9.999802708625793457e-01 1.031475025229156017e-03 -9.268581867218017578e-01 2.161243930459022522e-02 -8.976859971880912781e-04 9.997659921646118164e-01 4.060243988037109375e+01
9.997392892837524414e-01 7.822383195161819458e-03 -2.144962921738624573e-02 -6.756680011749267578e-01 -7.813015952706336975e-03 9.999693036079406738e-01 5.205580964684486389e-04 -9.776312112808227539e-01 2.145303972065448761e-02 -3.528353117872029543e-04 9.997698068618774414e-01 4.299591827392578125e+01
9.997510910034179688e-01 1.107363030314445496e-02 -1.936700940132141113e-02 -7.358613014221191406e-01 -1.097598019987344742e-02 9.999265074729919434e-01 5.141410976648330688e-03 -1.020364999771118164e+00 1.942251995205879211e-02 -4.927556961774826050e-03 9.997991919517517090e-01 4.539562988281250000e+01
9.998037815093994141e-01 1.191969960927963257e-02 -1.582127064466476440e-02 -7.844470143318176270e-01 -1.174382958561182022e-02 9.998686909675598145e-01 1.116291992366313934e-02 -1.051206946372985840e+00 1.595225930213928223e-02 -1.097492035478353500e-02 9.998124837875366211e-01 4.780149078369140625e+01
9.998654723167419434e-01 9.923125617206096649e-03 -1.305596996098756790e-02 -8.220019936561584473e-01 -9.772672317922115326e-03 9.998856782913208008e-01 1.153768971562385559e-02 -1.073850035667419434e+00 1.316897012293338776e-02 -1.140854042023420334e-02 9.998481869697570801e-01 5.020347976684570312e+01
9.998707771301269531e-01 1.154740992933511734e-02 -1.118359994143247604e-02 -8.594629764556884766e-01 -1.144655980169773102e-02 9.998936057090759277e-01 9.040289558470249176e-03 -1.098286032676696777e+00 1.128679979592561722e-02 -8.911105804145336151e-03 9.998965859413146973e-01 5.260583114624023438e+01
9.998803138732910156e-01 9.904894977807998657e-03 -1.188405975699424744e-02 -8.928729891777038574e-01 -9.811863303184509277e-03 9.999209046363830566e-01 7.861425168812274933e-03 -1.127882957458496094e+00 1.196098979562520981e-02 -7.743877824395895004e-03 9.998984932899475098e-01 5.501520156860351562e+01
9.998372793197631836e-01 1.009707991033792496e-02 -1.494468003511428833e-02 -9.332308769226074219e-01 -9.958178736269474030e-03 9.999067783355712891e-01 9.339763782918453217e-03 -1.160686969757080078e+00 1.503758970648050308e-02 -9.189421311020851135e-03 9.998446702957153320e-01 5.742776870727539062e+01
9.997987151145935059e-01 1.105265971273183823e-02 -1.674528978765010834e-02 -9.814360141754150391e-01 -1.089511997997760773e-02 9.998958110809326172e-01 9.469923563301563263e-03 -1.190278053283691406e+00 1.684821955859661102e-02 -9.285573847591876984e-03 9.998149275779724121e-01 5.983856964111328125e+01
9.997861981391906738e-01 1.080107036978006363e-02 -1.763248071074485779e-02 -1.031126022338867188e+00 -1.064714044332504272e-02 9.999045729637145996e-01 8.800715208053588867e-03 -1.221320033073425293e+00 1.772586070001125336e-02 -8.611096069216728210e-03 9.998058080673217773e-01 6.224562835693359375e+01
9.997929930686950684e-01 9.088420309126377106e-03 -1.820103079080581665e-02 -1.078472971916198730e+00 -8.930260315537452698e-03 9.999217987060546875e-01 8.752214722335338593e-03 -1.251700997352600098e+00 1.827915944159030914e-02 -8.587861433625221252e-03 9.997959733009338379e-01 6.464755249023437500e+01
9.997792243957519531e-01 9.523957036435604095e-03 -1.872882060706615448e-02 -1.129538059234619141e+00 -9.347319602966308594e-03 9.999111890792846680e-01 9.496442973613739014e-03 -1.281111955642700195e+00 1.881759986281394958e-02 -9.319280274212360382e-03 9.997795224189758301e-01 6.704760742187500000e+01
9.997346997261047363e-01 1.319593004882335663e-02 -1.887929067015647888e-02 -1.186929941177368164e+00 -1.304722018539905548e-02 9.998829960823059082e-01 7.978687994182109833e-03 -1.309417009353637695e+00 1.898236945271492004e-02 -7.730246055871248245e-03 9.997898936271667480e-01 6.943527221679687500e+01
9.996883273124694824e-01 1.665714010596275330e-02 -1.859769970178604126e-02 -1.243226051330566406e+00 -1.649733074009418488e-02 9.998258948326110840e-01 8.713767863810062408e-03 -1.339455962181091309e+00 1.873961091041564941e-02 -8.404237218201160431e-03 9.997891187667846680e-01 7.181600189208984375e+01
9.997035861015319824e-01 1.873149909079074860e-02 -1.555211003869771957e-02 -1.292837977409362793e+00 -1.857393980026245117e-02 9.997752904891967773e-01 1.021437998861074448e-02 -1.371469974517822266e+00 1.573994942009449005e-02 -9.922483935952186584e-03 9.998269081115722656e-01 7.418749237060546875e+01
9.998363852500915527e-01 1.463831961154937744e-02 -1.062524039298295975e-02 -1.320137977600097656e+00 -1.459780987352132797e-02 9.998859167098999023e-01 3.880945034325122833e-03 -1.407515048980712891e+00 1.068084035068750381e-02 -3.725202986970543861e-03 9.999359846115112305e-01 7.654078674316406250e+01
9.998810291290283203e-01 1.450242009013891220e-02 -5.257612094283103943e-03 -1.337949991226196289e+00 -1.447063963860273361e-02 9.998770952224731445e-01 6.033895071595907211e-03 -1.448796987533569336e+00 5.344471894204616547e-03 -5.957094021141529083e-03 9.999679923057556152e-01 7.889459991455078125e+01
9.998850226402282715e-01 1.502471044659614563e-02 2.051607938483357430e-03 -1.342290043830871582e+00 -1.503621973097324371e-02 9.998705983161926270e-01 5.712940823286771774e-03 -1.485826015472412109e+00 -1.965506933629512787e-03 -5.743131041526794434e-03 9.999815821647644043e-01 8.123454284667968750e+01
9.998797178268432617e-01 1.272916980087757111e-02 8.863339200615882874e-03 -1.323865056037902832e+00 -1.272311992943286896e-02 9.999188184738159180e-01 -7.394367712549865246e-04 -1.530311942100524902e+00 -8.872032165527343750e-03 6.265791016630828381e-04 9.999604821205139160e-01 8.355800628662109375e+01
9.998072981834411621e-01 1.167642977088689804e-02 1.578168012201786041e-02 -1.292992949485778809e+00 -1.167890988290309906e-02 9.999318122863769531e-01 6.528232188429683447e-05 -1.580587029457092285e+00 -1.577983982861042023e-02 -2.495819062460213900e-04 9.998754858970642090e-01 8.587696075439453125e+01
9.996513724327087402e-01 1.244422979652881622e-02 2.328415960073471069e-02 -1.247130990028381348e+00 -1.241599023342132568e-02 9.999219775199890137e-01 -1.357177039608359337e-03 -1.630673050880432129e+00 -2.329923026263713837e-02 1.067608944140374660e-03 9.997280240058898926e-01 8.818383026123046875e+01
9.994807243347167969e-01 1.221273001283407211e-02 2.981802076101303101e-02 -1.182744979858398438e+00 -1.208867970854043961e-02 9.999175071716308594e-01 -4.336840007454156876e-03 -1.683163046836853027e+00 -2.986853010952472687e-02 3.974127117544412613e-03 9.995458722114562988e-01 9.048343658447265625e+01
9.993188977241516113e-01 1.010851003229618073e-02 3.549008816480636597e-02 -1.101750016212463379e+00 -1.005139015614986420e-02 9.999479055404663086e-01 -1.787571003660559654e-03 -1.736086010932922363e+00 -3.550631180405616760e-02 1.429629046469926834e-03 9.993684291839599609e-01 9.279129028320312500e+01
9.991384148597717285e-01 8.157564327120780945e-03 4.069359973073005676e-02 -1.006119012832641602e+00 -8.214536122977733612e-03 9.999654889106750488e-01 1.232957001775503159e-03 -1.785071015357971191e+00 -4.068214073777198792e-02 -1.566173043102025986e-03 9.991708993911743164e-01 9.510262298583984375e+01
9.989655017852783203e-01 5.398510023951530457e-03 4.515419155359268188e-02 -8.975397944450378418e-01 -5.201348103582859039e-03 9.999763965606689453e-01 -4.482797812670469284e-03 -1.834871053695678711e+00 -4.517732933163642883e-02 4.243297036737203598e-03 9.989699721336364746e-01 9.741316986083984375e+01
9.987897276878356934e-01 5.894856061786413193e-03 4.883027076721191406e-02 -7.820453047752380371e-01 -5.478099919855594635e-03 9.999474287033081055e-01 -8.664244785904884338e-03 -1.891643047332763672e+00 -4.887878149747848511e-02 8.386259898543357849e-03 9.987695217132568359e-01 9.973967742919921875e+01
9.987949728965759277e-01 6.151442881673574448e-03 4.869059845805168152e-02 -6.655318737030029297e-01 -5.864211823791265488e-03 9.999644756317138672e-01 -6.039799191057682037e-03 -1.953029036521911621e+00 -4.872602969408035278e-02 5.746988113969564438e-03 9.987956881523132324e-01 1.020947036743164062e+02
9.989556074142456055e-01 5.748433992266654968e-03 4.532808065414428711e-02 -5.505715012550354004e-01 -5.583724938333034515e-03 9.999772906303405762e-01 -3.759517101570963860e-03 -2.012875080108642578e+00 -4.534867033362388611e-02 3.502490930259227753e-03 9.989650845527648926e-01 1.044700012207031250e+02
9.991887211799621582e-01 6.377172190696001053e-03 3.976665064692497253e-02 -4.483272135257720947e-01 -6.255912128835916519e-03 9.999753832817077637e-01 -3.173039061948657036e-03 -2.069739103317260742e+00 -3.978591039776802063e-02 2.921687904745340347e-03 9.992039799690246582e-01 1.068672027587890625e+02
9.994528889656066895e-01 7.975422777235507965e-03 3.209954127669334412e-02 -3.651075959205627441e-01 -7.874504663050174713e-03 9.999635815620422363e-01 -3.269148990511894226e-03 -2.127000093460083008e+00 -3.212444856762886047e-02 3.014591988176107407e-03 9.994792938232421875e-01 1.092786026000976562e+02
9.996793866157531738e-01 8.809002116322517395e-03 2.373857051134109497e-02 -2.985283136367797852e-01 -8.780628442764282227e-03 9.999606013298034668e-01 -1.299315947107970715e-03 -2.185664892196655273e+00 -2.374907955527305603e-02 1.090461038984358311e-03 9.997174143791198730e-01 1.117072982788085938e+02
9.998512268066406250e-01 9.347450919449329376e-03 1.450220029801130295e-02 -2.537792026996612549e-01 -9.343925863504409790e-03 9.999563097953796387e-01 -3.109408135060220957e-04 -2.240144968032836914e+00 -1.450446993112564087e-02 1.753877004375681281e-04 9.998947978019714355e-01 1.141425018310546875e+02
9.999322295188903809e-01 1.069372985512018204e-02 4.603702109307050705e-03 -2.340717017650604248e-01 -1.069143041968345642e-02 9.999427199363708496e-01 -5.259431782178580761e-04 -2.296829938888549805e+00 -4.609061870723962784e-03 4.766880010720342398e-04 9.999892711639404297e-01 1.165859985351562500e+02
9.999030232429504395e-01 1.341512985527515411e-02 -3.741015912964940071e-03 -2.372930943965911865e-01 -1.342029031366109848e-02 9.999089837074279785e-01 -1.356297056190669537e-03 -2.358000993728637695e+00 3.722481895238161087e-03 1.406371011398732662e-03 9.999920725822448730e-01 1.190399017333984375e+02
9.998369812965393066e-01 1.671111024916172028e-02 -6.828606128692626953e-03 -2.562318146228790283e-01 -1.672109961509704590e-02 9.998592138290405273e-01 -1.409242977388203144e-03 -2.417423963546752930e+00 6.804096046835184097e-03 1.523195998743176460e-03 9.999756813049316406e-01 1.215012969970703125e+02
9.997552037239074707e-01 2.025635913014411926e-02 -8.898889645934104919e-03 -2.835716903209686279e-01 -2.025534957647323608e-02 9.997947812080383301e-01 2.043084969045594335e-04 -2.471499919891357422e+00 8.901203982532024384e-03 -2.400768062216229737e-05 9.999604225158691406e-01 1.239829025268554688e+02
9.996672272682189941e-01 2.356819994747638702e-02 -1.049308013170957565e-02 -3.168151974678039551e-01 -2.354959025979042053e-02 9.997208118438720703e-01 1.894704997539520264e-03 -2.521615028381347656e+00 1.053480990231037140e-02 -1.646965043619275093e-03 9.999431967735290527e-01 1.264701995849609375e+02
9.996376037597656250e-01 2.417675964534282684e-02 -1.184162963181734085e-02 -3.532043099403381348e-01 -2.411480993032455444e-02 9.996948838233947754e-01 5.347019992768764496e-03 -2.561295032501220703e+00 1.196730043739080429e-02 -5.059522110968828201e-03 9.999155998229980469e-01 1.289698944091796875e+02
9.996899962425231934e-01 2.116354927420616150e-02 -1.311680022627115250e-02 -3.845449984073638916e-01 -2.111079916357994080e-02 9.997684955596923828e-01 4.147836938500404358e-03 -2.596169948577880859e+00 1.320154964923858643e-02 -3.869643900543451309e-03 9.999054074287414551e-01 1.314756011962890625e+02
9.997671246528625488e-01 1.603320986032485962e-02 -1.444671023637056351e-02 -4.133731126785278320e-01 -1.591964066028594971e-02 9.998416900634765625e-01 7.941936142742633820e-03 -2.631356954574584961e+00 1.457175984978675842e-02 -7.710096891969442368e-03 9.998641014099121094e-01 1.339958953857421875e+02
9.998428821563720703e-01 9.895168244838714600e-03 -1.470929011702537537e-02 -4.438866972923278809e-01 -9.781328961253166199e-03 9.999217987060546875e-01 7.791337091475725174e-03 -2.660056114196777344e+00 1.478524040430784225e-02 -7.646233774721622467e-03 9.998614788055419922e-01 1.365225982666015625e+02
9.998778104782104492e-01 5.644587799906730652e-03 -1.457692030817270279e-02 -4.720570147037506104e-01 -5.557022057473659515e-03 9.999663233757019043e-01 6.040789186954498291e-03 -2.693212985992431641e+00 1.461052987724542618e-02 -5.959045141935348511e-03 9.998754858970642090e-01 1.390567932128906250e+02
9.998896718025207520e-01 5.971144884824752808e-03 -1.360251009464263916e-02 -5.099508166313171387e-01 -5.859503988176584244e-03 9.999489188194274902e-01 8.232571184635162354e-03 -2.728133916854858398e+00 1.365097984671592712e-02 -8.151955902576446533e-03 9.998735785484313965e-01 1.416060028076171875e+02
9.998865723609924316e-01 8.660586550831794739e-03 -1.231870986521244049e-02 -5.501461029052734375e-01 -8.547756820917129517e-03 9.999213218688964844e-01 9.182759560644626617e-03 -2.759529113769531250e+00 1.239726971834897995e-02 -9.076419286429882050e-03 9.998819828033447266e-01 1.441529998779296875e+02
9.998924732208251953e-01 9.105109609663486481e-03 -1.149425003677606583e-02 -5.862240195274353027e-01 -9.053900837898254395e-03 9.999489188194274902e-01 4.499612841755151749e-03 -2.794830083847045898e+00 1.153463963419198990e-02 -4.395059775561094284e-03 9.999238252639770508e-01 1.466940002441406250e+02
9.999110102653503418e-01 7.891193032264709473e-03 -1.075910963118076324e-02 -6.184008717536926270e-01 -7.925179786980152130e-03 9.999637007713317871e-01 -3.119780914857983589e-03 -2.844547033309936523e+00 1.073409989476203918e-02 3.204771084710955620e-03 9.999372959136962891e-01 1.492270050048828125e+02
9.999151229858398438e-01 7.470657117664813995e-03 -1.068148016929626465e-02 -6.492856740951538086e-01 -7.512242067605257034e-03 9.999642968177795410e-01 -3.858174895867705345e-03 -2.908756971359252930e+00 1.065227016806602478e-02 3.938089124858379364e-03 9.999355077743530273e-01 1.517561950683593750e+02
9.999008178710937500e-01 8.932263590395450592e-03 -1.088974997401237488e-02 -6.841744780540466309e-01 -8.957684040069580078e-03 9.999572038650512695e-01 -2.287657000124454498e-03 -2.969913959503173828e+00 1.086885016411542892e-02 2.384978113695979118e-03 9.999380707740783691e-01 1.542882995605468750e+02
9.998850226402282715e-01 9.671333245933055878e-03 -1.168365962803363800e-02 -7.212308049201965332e-01 -9.694937616586685181e-03 9.999510049819946289e-01 -1.965176081284880638e-03 -3.024884939193725586e+00 1.166408043354749680e-02 2.078223042190074921e-03 9.999297857284545898e-01 1.568168945312500000e+02
9.998708963394165039e-01 9.437092579901218414e-03 -1.300483010709285736e-02 -7.581397294998168945e-01 -9.446747601032257080e-03 9.999551177024841309e-01 -6.809683982282876968e-04 -3.079340934753417969e+00 1.299782004207372665e-02 8.037345251068472862e-04 9.999151825904846191e-01 1.593421936035156250e+02
9.998419880867004395e-01 1.059245970100164413e-02 -1.427720021456480026e-02 -7.989665269851684570e-01 -1.061205007135868073e-02 9.999427795410156250e-01 -1.296387054026126862e-03 -3.135262012481689453e+00 1.426265016198158264e-02 1.447692979127168655e-03 9.998971819877624512e-01 1.618641052246093750e+02
9.998059868812561035e-01 1.187480986118316650e-02 -1.571593992412090302e-02 -8.448485136032104492e-01 -1.191344019025564194e-02 9.999262094497680664e-01 -2.366601023823022842e-03 -3.191224098205566406e+00 1.568667963147163391e-02 2.553373109549283981e-03 9.998736977577209473e-01 1.643903045654296875e+02
9.997825026512145996e-01 1.181146036833524704e-02 -1.718910038471221924e-02 -8.915914297103881836e-01 -1.188598014414310455e-02 9.999203085899353027e-01 -4.239466041326522827e-03 -3.252329111099243164e+00 1.713765971362590790e-02 4.442853853106498718e-03 9.998432993888854980e-01 1.669143066406250000e+02
9.997522830963134766e-01 1.233622990548610687e-02 -1.852433942258358002e-02 -9.418035745620727539e-01 -1.238731015473604202e-02 9.999197721481323242e-01 -2.645127940922975540e-03 -3.313951969146728516e+00 1.849023066461086273e-02 2.873938996344804764e-03 9.998248815536499023e-01 1.694414062500000000e+02
9.997202754020690918e-01 1.277294009923934937e-02 -1.990498974919319153e-02 -9.957697987556457520e-01 -1.281256973743438721e-02 9.999161958694458008e-01 -1.864755991846323013e-03 -3.373847961425781250e+00 1.987949945032596588e-02 2.119268057867884636e-03 9.998000860214233398e-01 1.719707031250000000e+02
9.996845722198486328e-01 1.341994013637304306e-02 -2.122911997139453888e-02 -1.053647041320800781e+00 -1.347116008400917053e-02 9.999067187309265137e-01 -2.271637087687849998e-03 -3.431925058364868164e+00 2.119665965437889099e-02 2.556901890784502029e-03 9.997720718383789062e-01 1.744983062744140625e+02
9.996489286422729492e-01 1.465281005948781967e-02 -2.207794040441513062e-02 -1.111964941024780273e+00 -1.470976043492555618e-02 9.998888969421386719e-01 -2.418874064460396767e-03 -3.491931915283203125e+00 2.204005047678947449e-02 2.742785960435867310e-03 9.997532963752746582e-01 1.770263977050781250e+02
9.996588826179504395e-01 1.325812004506587982e-02 -2.250071056187152863e-02 -1.167497992515563965e+00 -1.337848976254463196e-02 9.998968839645385742e-01 -5.207424052059650421e-03 -3.555449008941650391e+00 2.242935076355934143e-02 5.506672896444797516e-03 9.997333288192749023e-01 1.795491943359375000e+02
9.996814131736755371e-01 1.024882029742002487e-02 -2.306885085999965668e-02 -1.220911979675292969e+00 -1.028926018625497818e-02 9.999457001686096191e-01 -1.634950982406735420e-03 -3.617217063903808594e+00 2.305085025727748871e-02 1.871792017482221127e-03 9.997326135635375977e-01 1.820722045898437500e+02
9.996734261512756348e-01 1.036281045526266098e-02 -2.336066029965877533e-02 -1.280267000198364258e+00 -1.030115969479084015e-02 9.999430775642395020e-01 2.757641021162271500e-03 -3.669131040573120117e+00 2.338791079819202423e-02 -2.516096923500299454e-03 9.997233152389526367e-01 1.845933990478515625e+02
9.996501207351684570e-01 1.230446994304656982e-02 -2.341721951961517334e-02 -1.342767953872680664e+00 -1.236717030405998230e-02 9.999203085899353027e-01 -2.534451894462108612e-03 -3.722357988357543945e+00 2.338417060673236847e-02 2.823170041665434837e-03 9.997225999832153320e-01 1.870923004150390625e+02
9.996525049209594727e-01 1.192754041403532028e-02 -2.350798062980175018e-02 -1.400871992111206055e+00 -1.194974035024642944e-02 9.999282956123352051e-01 -8.037377265281975269e-04 -3.781861066818237305e+00 2.349670045077800751e-02 1.084372983314096928e-03 9.997233152389526367e-01 1.895856018066406250e+02
9.996762871742248535e-01 1.143527030944824219e-02 -2.272954955697059631e-02 -1.456920027732849121e+00 -1.138960011303424835e-02 9.999328255653381348e-01 2.137711038812994957e-03 -3.839752912521362305e+00 2.275246940553188324e-02 -1.878138049505650997e-03 9.997394084930419922e-01 1.920697021484375000e+02
9.997487068176269531e-01 1.007973961532115936e-02 -2.002253010869026184e-02 -1.504387021064758301e+00 -1.008263044059276581e-02 9.999490976333618164e-01 -4.303345122025348246e-05 -3.897567987442016602e+00 2.002107910811901093e-02 2.449032035656273365e-04 9.997994899749755859e-01 1.945343933105468750e+02
9.998065829277038574e-01 9.130045771598815918e-03 -1.742091961205005646e-02 -1.543339967727661133e+00 -9.171383455395698547e-03 9.999552965164184570e-01 -2.294297097250819206e-03 -3.962116003036499023e+00 1.739918999373912811e-02 2.453627064824104309e-03 9.998456239700317383e-01 1.969815979003906250e+02
9.998505711555480957e-01 8.954749442636966705e-03 -1.478447020053863525e-02 -1.577337026596069336e+00 -8.947164751589298248e-03 9.999598264694213867e-01 5.791481235064566135e-04 -4.025379180908203125e+00 1.478905975818634033e-02 -4.467816906981170177e-04 9.998905062675476074e-01 1.994114990234375000e+02
9.998767971992492676e-01 9.445741772651672363e-03 -1.253497041761875153e-02 -1.607051968574523926e+00 -9.436407126486301422e-03 9.999551177024841309e-01 8.038409869186580181e-04 -4.084507942199707031e+00 1.254200004041194916e-02 -6.854559760540723801e-04 9.999210834503173828e-01 2.018206939697265625e+02
9.998947978019714355e-01 1.008993014693260193e-02 -1.042026001960039139e-02 -1.629855036735534668e+00 -1.007459964603185654e-02 9.999480843544006348e-01 1.522758975625038147e-03 -4.142166137695312500e+00 1.043509040027856827e-02 -1.417618012055754662e-03 9.999446272850036621e-01 2.042032928466796875e+02
9.999104142189025879e-01 1.012365985661745071e-02 -8.754828013479709625e-03 -1.649073958396911621e+00 -1.011278014630079269e-02 9.999480247497558594e-01 1.287178019993007183e-03 -4.196218013763427734e+00 8.767404593527317047e-03 -1.198526006191968918e-03 9.999608993530273438e-01 2.065525054931640625e+02
9.999297261238098145e-01 8.776023052632808685e-03 -7.972736842930316925e-03 -1.663161993026733398e+00 -8.760059252381324768e-03 9.999595284461975098e-01 2.035326091572642326e-03 -4.250229835510253906e+00 7.990277372300624847e-03 -1.965339994058012962e-03 9.999662041664123535e-01 2.088522033691406250e+02
9.999232888221740723e-01 8.543601259589195251e-03 -8.972629904747009277e-03 -1.680915951728820801e+00 -8.513509295880794525e-03 9.999579787254333496e-01 3.386802971363067627e-03 -4.301812171936035156e+00 9.001189842820167542e-03 -3.310153027996420860e-03 9.999539852142333984e-01 2.110937042236328125e+02
9.999104738235473633e-01 9.129603393375873566e-03 -9.785276837646961212e-03 -1.705386042594909668e+00 -9.115220978856086731e-03 9.999573230743408203e-01 1.513562980107963085e-03 -4.351614952087402344e+00 9.798677638173103333e-03 -1.424232032150030136e-03 9.999510049819946289e-01 2.132749023437500000e+02
9.998980760574340820e-01 8.510470390319824219e-03 -1.146090961992740631e-02 -1.730641007423400879e+00 -8.494998328387737274e-03 9.999629259109497070e-01 1.398204942233860493e-03 -4.402081012725830078e+00 1.147237978875637054e-02 -1.300701056607067585e-03 9.999334216117858887e-01 2.154046020507812500e+02
9.998623132705688477e-01 7.075986824929714203e-03 -1.501205004751682281e-02 -1.758097052574157715e+00 -7.022485136985778809e-03 9.999688267707824707e-01 3.613773034885525703e-03 -4.450450897216796875e+00 1.503715012222528458e-02 -3.507852088660001755e-03 9.998807907104492188e-01 2.174853973388671875e+02
9.997825026512145996e-01 7.515842095017433167e-03 -1.945528946816921234e-02 -1.796548962593078613e+00 -7.402041926980018616e-03 9.999551177024841309e-01 5.914789158850908279e-03 -4.494236946105957031e+00 1.949886977672576904e-02 -5.769491195678710938e-03 9.997931718826293945e-01 2.195113983154296875e+02
9.996588826179504395e-01 7.966564968228340149e-03 -2.487172000110149384e-02 -1.844527006149291992e+00 -7.835822179913520813e-03 9.999549984931945801e-01 5.349820014089345932e-03 -4.532452106475830078e+00 2.491321973502635956e-02 -5.153102800250053406e-03 9.996762871742248535e-01 2.214611968994140625e+02
9.994887709617614746e-01 8.894845843315124512e-03 -3.070881031453609467e-02 -1.900503993034362793e+00 -8.713670074939727783e-03 9.999437928199768066e-01 6.028646137565374374e-03 -4.574347972869873047e+00 3.076072037220001221e-02 -5.757975857704877853e-03 9.995102286338806152e-01 2.233227996826171875e+02
9.992778897285461426e-01 8.632604964077472687e-03 -3.700289130210876465e-02 -1.963225960731506348e+00 -8.456524461507797241e-03 9.999521970748901367e-01 4.912510048598051071e-03 -4.613874912261962891e+00 3.704353049397468567e-02 -4.596044775098562241e-03 9.993031024932861328e-01 2.250932006835937500e+02
9.990190863609313965e-01 1.011427026242017746e-02 -4.311066120862960815e-02 -2.036109924316406250e+00 -9.956056252121925354e-03 9.999428987503051758e-01 3.883170895278453827e-03 -4.655489921569824219e+00 4.314747825264930725e-02 -3.450148971751332283e-03 9.990627765655517578e-01 2.267758026123046875e+02
9.988453984260559082e-01 1.285423990339040756e-02 -4.628840088844299316e-02 -2.113951921463012695e+00 -1.267269998788833618e-02 9.999107718467712402e-01 4.213334992527961731e-03 -4.692285060882568359e+00 4.633843153715133667e-02 -3.621869953349232674e-03 9.989191889762878418e-01 2.283820037841796875e+02
9.988768100738525391e-01 1.301272027194499969e-02 -4.556028917431831360e-02 -2.182836055755615234e+00 -1.274275965988636017e-02 9.998995065689086914e-01 6.210896186530590057e-03 -4.728950977325439453e+00 4.563653096556663513e-02 -5.623355042189359665e-03 9.989423155784606934e-01 2.299165954589843750e+02
9.989017844200134277e-01 1.327721960842609406e-02 -4.493223875761032104e-02 -2.247910022735595703e+00 -1.312331017106771469e-02 9.999068975448608398e-01 3.718700958415865898e-03 -4.762454986572265625e+00 4.497743025422096252e-02 -3.124956041574478149e-03 9.989830851554870605e-01 2.313881988525390625e+02
9.989870190620422363e-01 1.331302989274263382e-02 -4.298533871769905090e-02 -2.309139966964721680e+00 -1.331792026758193970e-02 9.999113082885742188e-01 1.726321934256702662e-04 -4.795654773712158203e+00 4.298382997512817383e-02 4.000187036581337452e-04 9.990757107734680176e-01 2.328383026123046875e+02
9.991161823272705078e-01 1.347006019204854965e-02 -3.981678932905197144e-02 -2.364799976348876953e+00 -1.350330002605915070e-02 9.999086260795593262e-01 -5.659030866809189320e-04 -4.830531120300292969e+00 3.980553150177001953e-02 1.103061949834227562e-03 9.992067813873291016e-01 2.342776031494140625e+02
9.992650747299194336e-01 1.336426008492708206e-02 -3.592460975050926208e-02 -2.414705991744995117e+00 -1.339615974575281143e-02 9.999099969863891602e-01 -6.472485838457942009e-04 -4.864865779876708984e+00 3.591272979974746704e-02 1.128025003708899021e-03 9.993543028831481934e-01 2.357021026611328125e+02
9.994336962699890137e-01 1.322481036186218262e-02 -3.094320930540561676e-02 -2.458270072937011719e+00 -1.325258985161781311e-02 9.999119043350219727e-01 -6.927422946318984032e-04 -4.896918773651123047e+00 3.093132935464382172e-02 1.102427951991558075e-03 9.995208978652954102e-01 2.371116027832031250e+02
9.996281862258911133e-01 1.126815006136894226e-02 -2.483098022639751434e-02 -2.489243030548095703e+00 -1.126447971910238266e-02 9.999365210533142090e-01 2.877642982639372349e-04 -4.929646968841552734e+00 2.483263984322547913e-02 -7.948487109388224781e-06 9.996916055679321289e-01 2.385075988769531250e+02
9.997656941413879395e-01 1.059942040592432022e-02 -1.887178048491477966e-02 -2.511949062347412109e+00 -1.059804018586874008e-02 9.999437928199768066e-01 1.729226933093741536e-04 -4.965561866760253906e+00 1.887254975736141205e-02 2.712253080972004682e-05 9.998219013214111328e-01 2.398878021240234375e+02
9.998505115509033203e-01 1.134174969047307968e-02 -1.304889004677534103e-02 -2.528203010559082031e+00 -1.135880965739488602e-02 9.999346733093261719e-01 -1.233928021974861622e-03 -4.998209953308105469e+00 1.303405035287141800e-02 1.381963957101106644e-03 9.999141097068786621e-01 2.412639007568359375e+02
9.999092817306518555e-01 1.129863038659095764e-02 -7.336242124438285828e-03 -2.538347959518432617e+00 -1.130651962012052536e-02 9.999355077743530273e-01 -1.034001004882156849e-03 -5.032043933868408203e+00 7.324086967855691910e-03 1.116854953579604626e-03 9.999725818634033203e-01 2.426535034179687500e+02
9.999302029609680176e-01 1.155370008200407028e-02 -2.459278097376227379e-03 -2.545595884323120117e+00 -1.155511010438203812e-02 9.999331235885620117e-01 -5.591491935774683952e-04 -5.064281940460205078e+00 2.452654065564274788e-03 5.875279894098639488e-04 9.999967813491821289e-01 2.440590057373046875e+02
9.999318122863769531e-01 1.157599966973066330e-02 1.542321057058870792e-03 -2.546618938446044922e+00 -1.156914979219436646e-02 9.999234080314636230e-01 -4.383647814393043518e-03 -5.094782829284667969e+00 -1.592947985045611858e-03 4.365505184978246689e-03 9.999892115592956543e-01 2.454714965820312500e+02
9.999384284019470215e-01 1.077194046229124069e-02 2.672936068847775459e-03 -2.543734073638916016e+00 -1.075363997370004654e-02 9.999192953109741211e-01 -6.767155136913061142e-03 -5.126142978668212891e+00 -2.745615085586905479e-03 6.737994030117988586e-03 9.999734759330749512e-01 2.469080963134765625e+02
9.999358057975769043e-01 1.092500984668731689e-02 3.021948039531707764e-03 -2.541896104812622070e+00 -1.090312004089355469e-02 9.999148249626159668e-01 -7.169907912611961365e-03 -5.164585113525390625e+00 -3.100021975114941597e-03 7.136498112231492996e-03 9.999697208404541016e-01 2.483695068359375000e+02
9.999322891235351562e-01 1.108684018254280090e-02 3.527472959831357002e-03 -2.540944099426269531e+00 -1.105159986764192581e-02 9.998903274536132812e-01 -9.858624078333377838e-03 -5.205978870391845703e+00 -3.636386943981051445e-03 9.818971157073974609e-03 9.999452233314514160e-01 2.498572998046875000e+02
9.999828934669494629e-01 4.023654852062463760e-03 4.247560165822505951e-03 -2.529258966445922852e+00 -3.969773184508085251e-03 9.999125003814697266e-01 -1.261879969388246536e-02 -5.246304988861083984e+00 -4.297961946576833725e-03 1.260172016918659210e-02 9.999114274978637695e-01 2.513708038330078125e+02
9.999346733093261719e-01 1.001001987606287003e-02 5.514963995665311813e-03 -2.534411907196044922e+00 -9.991019032895565033e-03 9.999440908432006836e-01 -3.461757907643914223e-03 -5.282956123352050781e+00 -5.549307912588119507e-03 3.406431991606950760e-03 9.999787807464599609e-01 2.529288940429687500e+02
9.999315142631530762e-01 8.282979950308799744e-03 8.265150710940361023e-03 -2.522826910018920898e+00 -8.277616463601589203e-03 9.999654889106750488e-01 -6.832156213931739330e-04 -5.316153049468994141e+00 -8.270525373518466949e-03 6.147535750642418861e-04 9.999656081199645996e-01 2.545106964111328125e+02
9.998034834861755371e-01 1.155317015945911407e-02 1.610904000699520111e-02 -2.508908033370971680e+00 -1.136566977947950363e-02 9.998670816421508789e-01 -1.168300956487655640e-02 -5.345293998718261719e+00 -1.624188013374805450e-02 1.149761956185102463e-02 9.998019933700561523e-01 2.561119079589843750e+02
9.996768832206726074e-01 1.167318969964981079e-02 2.257977984845638275e-02 -2.476437091827392578e+00 -1.147256977856159210e-02 9.998937249183654785e-01 -8.994677104055881500e-03 -5.385775089263916016e+00 -2.268237993121147156e-02 8.732722140848636627e-03 9.997045993804931641e-01 2.577578125000000000e+02
9.995828270912170410e-01 6.150284782052040100e-03 2.821920998394489288e-02 -2.426274061203002930e+00 -6.038440857082605362e-03 9.999735951423645020e-01 -4.046954214572906494e-03 -5.425048828125000000e+00 -2.824335917830467224e-02 3.874864894896745682e-03 9.995936155319213867e-01 2.594295043945312500e+02
9.993904232978820801e-01 8.171329274773597717e-03 3.394326940178871155e-02 -2.377451896667480469e+00 -7.988727651536464691e-03 9.999529123306274414e-01 -5.511768162250518799e-03 -5.467449188232421875e+00 -3.398671001195907593e-02 5.237244069576263428e-03 9.994086027145385742e-01 2.611028137207031250e+02
9.992036819458007812e-01 8.956979028880596161e-03 3.888208046555519104e-02 -2.315586090087890625e+00 -8.641401305794715881e-03 9.999284148216247559e-01 -8.276838809251785278e-03 -5.509574890136718750e+00 -3.895343095064163208e-02 7.934250868856906891e-03 9.992095232009887695e-01 2.627786865234375000e+02
9.989172816276550293e-01 1.138173043727874756e-02 4.510767012834548950e-02 -2.249291896820068359e+00 -1.119240000844001770e-02 9.999274015426635742e-01 -4.447532817721366882e-03 -5.557575225830078125e+00 -4.515501856803894043e-02 3.937853965908288956e-03 9.989721775054931641e-01 2.644631042480468750e+02
9.986532926559448242e-01 1.179715991020202637e-02 5.052104964852333069e-02 -2.169030904769897461e+00 -1.154917012900114059e-02 9.999197721481323242e-01 -5.197782069444656372e-03 -5.601555824279785156e+00 -5.057831853628158569e-02 4.607305862009525299e-03 9.987094998359680176e-01 2.661455993652343750e+02
9.984642863273620605e-01 7.188351824879646301e-03 5.493063107132911682e-02 -2.070929050445556641e+00 -6.923578213900327682e-03 9.999635219573974609e-01 -5.008956883102655411e-03 -5.642387866973876953e+00 -5.496463924646377563e-02 4.620947875082492828e-03 9.984775781631469727e-01 2.678345031738281250e+02
9.983947277069091797e-01 4.968563094735145569e-03 5.642066150903701782e-02 -1.972336053848266602e+00 -4.699585027992725372e-03 9.999768733978271484e-01 -4.899073857814073563e-03 -5.683948993682861328e+00 -5.644369870424270630e-02 4.626054782420396805e-03 9.983950853347778320e-01 2.695292968750000000e+02
9.983677268028259277e-01 4.824386909604072571e-03 5.690876021981239319e-02 -1.875687956809997559e+00 -4.582191817462444305e-03 9.999799132347106934e-01 -4.385599866509437561e-03 -5.726986885070800781e+00 -5.692877992987632751e-02 4.117674194276332855e-03 9.983698129653930664e-01 2.712341003417968750e+02
9.984601140022277832e-01 5.007633939385414124e-03 5.524747073650360107e-02 -1.783336997032165527e+00 -4.765767138451337814e-03 9.999784827232360840e-01 -4.508777055889368057e-03 -5.773108005523681641e+00 -5.526886135339736938e-02 4.238537978380918503e-03 9.984624981880187988e-01 2.729432067871093750e+02
9.986283779144287109e-01 5.918528884649276733e-03 5.202125012874603271e-02 -1.700845003128051758e+00 -5.597716197371482849e-03 9.999644160270690918e-01 -6.310511846095323563e-03 -5.814911842346191406e+00 -5.205674842000007629e-02 6.010657176375389099e-03 9.986259937286376953e-01 2.746510925292968750e+02
9.987660050392150879e-01 8.133439347147941589e-03 4.899410158395767212e-02 -1.622668981552124023e+00 -7.822404615581035614e-03 9.999480247497558594e-01 -6.536837201565504074e-03 -5.858238220214843750e+00 -4.904472827911376953e-02 6.145517807453870773e-03 9.987776875495910645e-01 2.763544006347656250e+02
9.989945888519287109e-01 8.422478102147579193e-03 4.403156042098999023e-02 -1.550631999969482422e+00 -8.228131569921970367e-03 9.999555945396423340e-01 -4.593215882778167725e-03 -5.901148796081542969e+00 -4.406829178333282471e-02 4.226299934089183807e-03 9.990196228027343750e-01 2.780516052246093750e+02
9.993634819984436035e-01 5.822915118187665939e-03 3.519508987665176392e-02 -1.489305019378662109e+00 -5.819061771035194397e-03 9.999830126762390137e-01 -2.119652053806930780e-04 -5.941917896270751953e+00 -3.519573062658309937e-02 7.028461823210818693e-06 9.993804097175598145e-01 2.797354125976562500e+02
9.996573925018310547e-01 4.914014134556055069e-03 2.570863999426364899e-02 -1.447757005691528320e+00 -4.962388891726732254e-03 9.999859929084777832e-01 1.818157965317368507e-03 -5.978024959564208984e+00 -2.569934912025928497e-02 -1.945110037922859192e-03 9.996678233146667480e-01 2.813897094726562500e+02
