1.000000000000000000e+00 1.197624985294076794e-11 1.704637958566124212e-10 5.551115123125782702e-17 1.197624985294076794e-11 1.000000000000000000e+00 3.562503070320133247e-10 0.000000000000000000e+00 1.704637958566124212e-10 3.562503070320133247e-10 1.000000000000000000e+00 2.220446049250313081e-16
9.999095797538757324e-01 1.061515999026596546e-03 -1.340598985552787781e-02 -1.001115981489419937e-02 -1.058761961758136749e-03 9.999994039535522461e-01 2.126022009178996086e-04 -4.359703976660966873e-03 1.340620964765548706e-02 -1.983883994398638606e-04 9.999101161956787109e-01 1.857372969388961792e-01
9.995453953742980957e-01 2.025309018790721893e-03 -3.008211962878704071e-02 -2.863191999495029449e-02 -2.080074045807123184e-03 9.999961853027343750e-01 -1.789330970495939255e-03 -6.726659834384918213e-03 3.007839061319828033e-02 1.851091044954955578e-03 9.995458126068115234e-01 3.873099982738494873e-01
9.984892010688781738e-01 2.145631005987524986e-03 -5.490591004490852356e-02 -6.000009179115295410e-02 -2.394373062998056412e-03 9.999871253967285156e-01 -4.464950878173112869e-03 -8.065471425652503967e-03 5.489562079310417175e-02 4.589670803397893906e-03 9.984815716743469238e-01 6.279358863830566406e-01
9.959797859191894531e-01 9.912399109452962875e-04 -8.957233279943466187e-02 -1.090497002005577087e-01 -1.397592946887016296e-03 9.999889731407165527e-01 -4.473981913179159164e-03 -1.033981982618570328e-02 8.956690877676010132e-02 4.581181798130273819e-03 9.959703087806701660e-01 9.191805124282836914e-01
9.912980198860168457e-01 -4.511766892392188311e-04 -1.316366046667098999e-01 -1.816056966781616211e-01 -1.745509944157674909e-04 9.999886751174926758e-01 -4.741873126477003098e-03 -1.604514941573143005e-02 1.316372007131576538e-01 4.723586142063140869e-03 9.912866950035095215e-01 1.251378059387207031e+00
9.834265112876892090e-01 7.281906902790069580e-03 -1.811611056327819824e-01 -2.934589982032775879e-01 -8.809762075543403625e-03 9.999321103096008301e-01 -7.630441803485155106e-03 -3.116429038345813751e-02 1.810932010412216187e-01 9.099964052438735962e-03 9.834238290786743164e-01 1.604140043258666992e+00
9.713482856750488281e-01 1.158386003226041794e-02 -2.373781949281692505e-01 -4.366242885589599609e-01 -1.400444004684686661e-02 9.998657107353210449e-01 -8.513364940881729126e-03 -4.313506931066513062e-02 2.372477054595947266e-01 1.159378979355096817e-02 9.713799953460693359e-01 1.979230999946594238e+00
9.538090229034423828e-01 1.577197946608066559e-02 -2.999995052814483643e-01 -6.200940012931823730e-01 -1.861375942826271057e-02 9.998047947883605957e-01 -6.616866216063499451e-03 -4.902232065796852112e-02 2.998366951942443848e-01 1.189533993601799011e-02 9.539163708686828613e-01 2.368741035461425781e+00
9.299712777137756348e-01 2.036643028259277344e-02 -3.670676052570343018e-01 -8.394933938980102539e-01 -2.385302074253559113e-02 9.997031092643737793e-01 -4.964300896972417831e-03 -5.397789180278778076e-02 3.668574988842010498e-01 1.337232999503612518e-02 9.301810264587402344e-01 2.758285045623779297e+00
8.999654054641723633e-01 2.432814985513687134e-02 -4.352819025516510010e-01 -1.103633046150207520e+00 -2.866012975573539734e-02 9.995834231376647949e-01 -3.388837911188602448e-03 -4.676235839724540710e-02 4.350182116031646729e-01 1.552507001906633377e-02 9.002878069877624512e-01 3.142085075378417969e+00
8.604449033737182617e-01 1.550967991352081299e-02 -5.093075037002563477e-01 -1.392475008964538574e+00 -2.063887007534503937e-02 9.997771978378295898e-01 -4.422429017722606659e-03 -4.238966107368469238e-02 5.091254115104675293e-01 1.431678980588912964e-02 8.605732917785644531e-01 3.523027896881103516e+00
8.069522976875305176e-01 2.370092086493968964e-02 -5.901408195495605469e-01 -1.761567950248718262e+00 -2.696201018989086151e-02 9.996311068534851074e-01 3.279095049947500229e-03 -4.899413883686065674e-02 5.900009274482727051e-01 1.326530985534191132e-02 8.072937130928039551e-01 3.880702972412109375e+00
7.390815019607543945e-01 2.703622914850711823e-02 -6.730731725692749023e-01 -2.187834978103637695e+00 -3.078163042664527893e-02 9.995058774948120117e-01 6.348111201077699661e-03 -5.358748137950897217e-02 6.729124188423156738e-01 1.602651923894882202e-02 7.395486235618591309e-01 4.215884208679199219e+00
6.574738025665283203e-01 1.958831958472728729e-02 -7.532227039337158203e-01 -2.663146018981933594e+00 -2.008944936096668243e-02 9.997622966766357422e-01 8.464136160910129547e-03 -5.287038907408714294e-02 7.532095909118652344e-01 9.566887281835079193e-03 6.577110886573791504e-01 4.540773868560791016e+00
5.654771924018859863e-01 2.029054984450340271e-02 -8.245143294334411621e-01 -3.215512037277221680e+00 -1.550388988107442856e-02 9.997822046279907227e-01 1.397070009261369705e-02 -5.138929933309555054e-02 8.246182203292846680e-01 4.883068148046731949e-03 5.656685829162597656e-01 4.824433803558349609e+00
4.622314870357513428e-01 2.267229929566383362e-02 -8.864694237709045410e-01 -3.836955070495605469e+00 -1.311577018350362778e-02 9.997385144233703613e-01 1.873032003641128540e-02 -4.505658149719238281e-02 8.866623044013977051e-01 2.968993037939071655e-03 4.624080061912536621e-01 5.057271003723144531e+00
3.528220951557159424e-01 2.685154043138027191e-02 -9.353051185607910156e-01 -4.534335136413574219e+00 -1.174858957529067993e-02 9.996364712715148926e-01 2.426655031740665436e-02 -3.325067088007926941e-02 9.356166720390319824e-01 2.426747931167483330e-03 3.530093133449554443e-01 5.233794212341308594e+00
2.439423054456710815e-01 3.226577863097190857e-02 -9.692528247833251953e-01 -5.299328804016113281e+00 -5.239211022853851318e-03 9.994755983352661133e-01 3.195327892899513245e-02 -2.697747945785522461e-02 9.697756171226501465e-01 -2.716632094234228134e-03 2.439834028482437134e-01 5.360942840576171875e+00
1.451008021831512451e-01 3.362423181533813477e-02 -9.888454079627990723e-01 -6.122090816497802734e+00 -3.991989884525537491e-03 9.994341135025024414e-01 3.339852020144462585e-02 -1.604266092181205750e-02 9.894089102745056152e-01 -8.986868779174983501e-04 1.451528966426849365e-01 5.421289920806884766e+00
6.378190964460372925e-02 3.251618146896362305e-02 -9.974340200424194336e-01 -7.009090900421142578e+00 -7.384400814771652222e-03 9.994570016860961914e-01 3.210993856191635132e-02 6.191583815962076187e-03 9.979366064071655273e-01 5.317422095686197281e-03 6.398738920688629150e-02 5.424016952514648438e+00
-2.721993951126933098e-03 2.726005017757415771e-02 -9.996247291564941406e-01 -7.950410842895507812e+00 -5.718749016523361206e-03 9.996116161346435547e-01 2.727526985108852386e-02 2.306424081325531006e-02 9.999799728393554688e-01 5.790849216282367706e-03 -2.565040951594710350e-03 5.389282226562500000e+00
-5.091764032840728760e-02 2.312999963760375977e-02 -9.984350204467773438e-01 -8.953006744384765625e+00 -6.820021197199821472e-03 9.997004270553588867e-01 2.350712940096855164e-02 4.057477042078971863e-02 9.986795783042907715e-01 8.006278425455093384e-03 -5.074464157223701477e-02 5.310729026794433594e+00
-8.060838282108306885e-02 2.217431925237178802e-02 -9.964991807937622070e-01 -1.002301979064941406e+01 -5.344045814126729965e-03 9.997285008430480957e-01 2.267847955226898193e-02 6.141731142997741699e-02 9.967315793037414551e-01 7.153416052460670471e-03 -8.046799153089523315e-02 5.211226940155029297e+00
-9.725791215896606445e-02 2.540281042456626892e-02 -9.949349761009216309e-01 -1.115273952484130859e+01 -8.559782989323139191e-03 9.996159076690673828e-01 2.635907009243965149e-02 6.936404854059219360e-02 9.952223896980285645e-01 1.108006015419960022e-02 -9.700310975313186646e-02 5.088359832763671875e+00
-1.035005003213882446e-01 2.648562006652355194e-02 -9.942767024040222168e-01 -1.234412002563476562e+01 -6.117944139987230301e-03 9.996094703674316406e-01 2.726453915238380432e-02 9.123046696186065674e-02 9.946106076240539551e-01 8.904824033379554749e-03 -1.032980009913444519e-01 4.964840888977050781e+00
-1.013578027486801147e-01 3.126979991793632507e-02 -9.943584799766540527e-01 -1.360015010833740234e+01 -4.596263170242309570e-03 9.994804859161376953e-01 3.189940005540847778e-02 1.095163002610206604e-01 9.948394894599914551e-01 7.803588174283504486e-03 -1.011613979935646057e-01 4.835680961608886719e+00
-9.786424785852432251e-02 2.880842983722686768e-02 -9.947826862335205078e-01 -1.491341018676757812e+01 -8.778969757258892059e-03 9.995170235633850098e-01 2.980918996036052704e-02 1.296149045228958130e-01 9.951611161231994629e-01 1.165041979402303696e-02 -9.756407141685485840e-02 4.697362899780273438e+00
-9.508533030748367310e-02 3.088559024035930634e-02 -9.949898719787597656e-01 -1.629097938537597656e+01 -8.691167458891868591e-03 9.994546771049499512e-01 3.185475990176200867e-02 1.622253954410552979e-01 9.954311847686767578e-01 1.167654991149902344e-02 -9.476505219936370850e-02 4.563302040100097656e+00
-9.143351763486862183e-02 3.749733045697212219e-02 -9.951049089431762695e-01 -1.773321914672851562e+01 -1.072094030678272247e-02 9.991958141326904297e-01 3.863656893372535706e-02 1.905594021081924438e-01 9.957535266876220703e-01 1.420114003121852875e-02 -9.095797687768936157e-02 4.426531791687011719e+00
-8.776868879795074463e-02 3.343541175127029419e-02 -9.955796003341674805e-01 -1.922426986694335938e+01 -1.418124046176671982e-02 9.992933273315429688e-01 3.481033816933631897e-02 2.305555045604705811e-01 9.960399866104125977e-01 1.717380993068218231e-02 -8.723250776529312134e-02 4.290984153747558594e+00
-8.451283723115921021e-02 3.487322852015495300e-02 -9.958118796348571777e-01 -2.077309989929199219e+01 -1.290087960660457611e-02 9.992653131484985352e-01 3.608905151486396790e-02 2.703515887260437012e-01 9.963389039039611816e-01 1.589684002101421356e-02 -8.400084823369979858e-02 4.161929130554199219e+00
-8.195787668228149414e-02 3.938854113221168518e-02 -9.958571195602416992e-01 -2.236418914794921875e+01 -9.754523634910583496e-03 9.991390705108642578e-01 4.032114148139953613e-02 3.062236011028289795e-01 9.965881109237670898e-01 1.301874965429306030e-02 -8.150310814380645752e-02 4.035961151123046875e+00
-8.074504882097244263e-02 2.784208953380584717e-02 -9.963458180427551270e-01 -2.396949958801269531e+01 -8.508472703397274017e-03 9.995540976524353027e-01 2.862128056585788727e-02 3.342058062553405762e-01 9.966984987258911133e-01 1.078840997070074081e-02 -8.047214895486831665e-02 3.908970117568969727e+00
-8.117505908012390137e-02 2.268473058938980103e-02 -9.964417219161987305e-01 -2.561886024475097656e+01 -3.485151100903749466e-03 9.997283816337585449e-01 2.304347977042198181e-02 3.615095913410186768e-01 9.966937899589538574e-01 5.343309137970209122e-03 -8.107394725084304810e-02 3.786078929901123047e+00
-8.132600784301757812e-02 3.806049004197120667e-02 -9.959605932235717773e-01 -2.730755043029785156e+01 -5.642356816679239273e-03 9.992370009422302246e-01 3.864644095301628113e-02 3.854990899562835693e-01 9.966716170310974121e-01 8.762529119849205017e-03 -8.104921132326126099e-02 3.644752025604248047e+00
-8.204878866672515869e-02 4.465936124324798584e-02 -9.956272244453430176e-01 -2.899761962890625000e+01 -9.387220256030559540e-03 9.989165067672729492e-01 4.558051005005836487e-02 4.194172024726867676e-01 9.965841174125671387e-01 1.308600045740604401e-02 -8.154065907001495361e-02 3.492897987365722656e+00
-8.290210366249084473e-02 3.805546835064888000e-02 -9.958307743072509766e-01 -3.067424011230468750e+01 -9.508350864052772522e-03 9.991949200630187988e-01 3.897560015320777893e-02 4.566603004932403564e-01 9.965124130249023438e-01 1.269987039268016815e-02 -8.247350901365280151e-02 3.346045970916748047e+00
-8.269812911748886108e-02 4.194648936390876770e-02 -9.956914782524108887e-01 -3.235441970825195312e+01 -1.214291993528604507e-02 9.989972114562988281e-01 4.309431090950965881e-02 4.917255938053131104e-01 9.965006709098815918e-01 1.565442048013210297e-02 -8.210583776235580444e-02 3.198821067810058594e+00
-8.231200277805328369e-02 3.566379845142364502e-02 -9.959682822227478027e-01 -3.402626037597656250e+01 -1.376548968255519867e-02 9.992234706878662109e-01 3.691802918910980225e-02 5.241898894309997559e-01 9.965115785598754883e-01 1.674878969788551331e-02 -8.175715059041976929e-02 3.051260948181152344e+00
-8.151394873857498169e-02 3.157686814665794373e-02 -9.961717724800109863e-01 -3.569638824462890625e+01 -1.501861028373241425e-02 9.993456006050109863e-01 3.290640935301780701e-02 5.500320196151733398e-01 9.965590834617614746e-01 1.764344982802867889e-02 -8.098637312650680542e-02 2.910620927810668945e+00
-8.028235286474227905e-02 3.893236070871353149e-02 -9.960114955902099609e-01 -3.737374877929687500e+01 -1.355742011219263077e-02 9.991018176078796387e-01 4.014594852924346924e-02 5.707777142524719238e-01 9.966800212860107422e-01 1.672635972499847412e-02 -7.968241721391677856e-02 2.775069952011108398e+00
-7.980664074420928955e-02 4.835639148950576782e-02 -9.956367015838623047e-01 -3.904917907714843750e+01 -1.285875029861927032e-02 9.986895918846130371e-01 4.953537881374359131e-02 6.055645942687988281e-01 9.967275261878967285e-01 1.675589941442012787e-02 -7.908026129007339478e-02 2.638854980468750000e+00
-7.935204356908798218e-02 4.425698146224021912e-02 -9.958636760711669922e-01 -4.071171188354492188e+01 -1.242384966462850571e-02 9.988924264907836914e-01 4.538154974579811096e-02 6.464858055114746094e-01 9.967693090438842773e-01 1.597357913851737976e-02 -7.871431112289428711e-02 2.504806041717529297e+00
-7.862369716167449951e-02 3.683574870228767395e-02 -9.962236285209655762e-01 -4.236520004272460938e+01 -1.711449027061462402e-02 9.991198778152465820e-01 3.829355910420417786e-02 6.807227134704589844e-01 9.967575073242187500e-01 2.006063982844352722e-02 -7.792408019304275513e-02 2.363071918487548828e+00
-7.976546138525009155e-02 3.312769904732704163e-02 -9.962630271911621094e-01 -4.401519012451171875e+01 -1.910750940442085266e-02 9.992130994796752930e-01 3.475563973188400269e-02 7.092788219451904297e-01 9.966304898262023926e-01 2.180841006338596344e-02 -7.906969636678695679e-02 2.223683118820190430e+00
-8.168221265077590942e-02 2.762876078486442566e-02 -9.962754249572753906e-01 -4.566120910644531250e+01 -1.115208957344293594e-02 9.995276927947998047e-01 2.863330021500587463e-02 7.331960797309875488e-01 9.965960979461669922e-01 1.344938017427921295e-02 -8.133552223443984985e-02 2.096618890762329102e+00
-8.506616204977035522e-02 3.760110959410667419e-02 -9.956654906272888184e-01 -4.730744171142578125e+01 -8.393766358494758606e-03 9.992250800132751465e-01 3.845268115401268005e-02 7.534145116806030273e-01 9.963399767875671387e-01 1.162840984761714935e-02 -8.468463271856307983e-02 1.959121942520141602e+00
-8.855102956295013428e-02 4.048817977309226990e-02 -9.952483773231506348e-01 -4.893313980102539062e+01 -5.319430958479642868e-03 9.991400241851806641e-01 4.111979901790618896e-02 7.767208814620971680e-01 9.960575103759765625e-01 8.935358375310897827e-03 -8.825951069593429565e-02 1.820294976234436035e+00
-9.088125079870223999e-02 3.306854888796806335e-02 -9.953125119209289551e-01 -5.053252029418945312e+01 -1.334325037896633148e-02 9.993184208869934082e-01 3.442002087831497192e-02 7.989931702613830566e-01 9.957724213600158691e-01 1.640884019434452057e-02 -9.037806093692779541e-02 1.659366011619567871e+00
-9.301301091909408569e-02 3.268320113420486450e-02 -9.951282739639282227e-01 -5.212276077270507812e+01 -1.993853971362113953e-02 9.991995096206665039e-01 3.468054160475730896e-02 8.219496011734008789e-01 9.954652786254882812e-01 2.306713908910751343e-02 -9.228689968585968018e-02 1.493752002716064453e+00
-9.489148110151290894e-02 3.383215144276618958e-02 -9.949125051498413086e-01 -5.370196151733398438e+01 -2.126901037991046906e-02 9.991253018379211426e-01 3.600398078560829163e-02 8.419538140296936035e-01 9.952604174613952637e-01 2.457726933062076569e-02 -9.408889710903167725e-02 1.337478995323181152e+00
-9.600786864757537842e-02 3.526470065116882324e-02 -9.947556853294372559e-01 -5.526303100585937500e+01 -2.088945917785167694e-02 9.990807175636291504e-01 3.743416070938110352e-02 8.601356744766235352e-01 9.951614141464233398e-01 2.437387965619564056e-02 -9.518294781446456909e-02 1.184702038764953613e+00
-9.631889313459396362e-02 4.229139164090156555e-02 -9.944515824317932129e-01 -5.681074142456054688e+01 -2.023665979504585266e-02 9.988071918487548828e-01 4.443667083978652954e-02 8.820233941078186035e-01 9.951447844505310059e-01 2.440446987748146057e-02 -9.534815698862075806e-02 1.032637000083923340e+00
-9.751229733228683472e-02 4.461773857474327087e-02 -9.942337274551391602e-01 -5.833039093017578125e+01 -1.973636075854301453e-02 9.987114071846008301e-01 4.675439000129699707e-02 9.106541872024536133e-01 9.950386285781860352e-01 2.418168075382709503e-02 -9.650605171918869019e-02 8.830630183219909668e-01
-9.803626686334609985e-02 3.931108117103576660e-02 -9.944061040878295898e-01 -5.981039810180664062e+01 -1.882451027631759644e-02 9.989675283432006836e-01 4.134728014469146729e-02 9.337798953056335449e-01 9.950047731399536133e-01 2.277274057269096375e-02 -9.719503670930862427e-02 7.359682917594909668e-01
-9.675593674182891846e-02 3.416077047586441040e-02 -9.947217106819152832e-01 -6.124547958374023438e+01 -1.957871951162815094e-02 9.991521239280700684e-01 3.621732816100120544e-02 9.508013129234313965e-01 9.951155781745910645e-01 2.297962084412574768e-02 -9.600508213043212891e-02 5.919477939605712891e-01
-9.065596759319305420e-02 3.447303920984268188e-02 -9.952853918075561523e-01 -6.262022018432617188e+01 -2.266347035765647888e-02 9.990704059600830078e-01 3.666846081614494324e-02 9.607290029525756836e-01 9.956244230270385742e-01 2.588083967566490173e-02 -8.979041874408721924e-02 4.617179036140441895e-01
-7.769130915403366089e-02 3.737606853246688843e-02 -9.962766170501708984e-01 -6.393545913696289062e+01 -2.099036984145641327e-02 9.990141987800598145e-01 3.911564871668815613e-02 9.696725010871887207e-01 9.967564940452575684e-01 2.395115979015827179e-02 -7.683019340038299561e-02 3.622950911521911621e-01
-5.715154856443405151e-02 4.050175100564956665e-02 -9.975435733795166016e-01 -6.518991088867187500e+01 -2.428572997450828552e-02 9.988247156143188477e-01 4.194515943527221680e-02 9.801827073097229004e-01 9.980701208114624023e-01 2.662331052124500275e-02 -5.610077083110809326e-02 2.859581112861633301e-01
-2.429915033280849457e-02 4.346381872892379761e-02 -9.987593889236450195e-01 -6.637563323974609375e+01 -2.907337993383407593e-02 9.986010789871215820e-01 4.416428133845329285e-02 9.966521859169006348e-01 9.992818832397460938e-01 3.011045977473258972e-02 -2.300151996314525604e-02 2.555668056011199951e-01
2.288677915930747986e-02 4.500994086265563965e-02 -9.987242817878723145e-01 -6.747673034667968750e+01 -3.012122027575969696e-02 9.985635280609130859e-01 4.431245103478431702e-02 1.009212970733642578e+00 9.992842078208923340e-01 2.906862087547779083e-02 2.420965954661369324e-02 2.941699028015136719e-01
8.536048233509063721e-02 4.448258131742477417e-02 -9.953566193580627441e-01 -6.848213958740234375e+01 -2.750149928033351898e-02 9.987273812294006348e-01 4.227473959326744080e-02 1.016476988792419434e+00 9.959704875946044922e-01 2.376521006226539612e-02 8.647519350051879883e-02 4.164808094501495361e-01
1.629810929298400879e-01 4.426984116435050964e-02 -9.856355190277099609e-01 -6.940376281738281250e+01 -2.671629935503005981e-02 9.988244771957397461e-01 4.044453054666519165e-02 1.021543025970458984e+00 9.862673878669738770e-01 1.974084042012691498e-02 1.639723032712936401e-01 6.110892295837402344e-01
2.555491924285888672e-01 4.418567940592765808e-02 -9.657858014106750488e-01 -7.027046966552734375e+01 -2.323950082063674927e-02 9.989470839500427246e-01 3.955363109707832336e-02 1.024337053298950195e+00 9.665166735649108887e-01 1.233648043125867844e-02 2.563070058822631836e-01 8.955752849578857422e-01
3.561289906501770020e-01 3.412235155701637268e-02 -9.338135719299316406e-01 -7.106861114501953125e+01 -1.009254995733499527e-02 9.994152188301086426e-01 3.267050161957740784e-02 1.025887966156005859e+00 9.343823194503784180e-01 -2.210349077358841896e-03 3.562650978565216064e-01 1.285745978355407715e+00
4.589752852916717529e-01 2.786762081086635590e-02 -8.880118727684020996e-01 -7.181419372558593750e+01 -4.383319057524204254e-03 9.995667934417724609e-01 2.910288982093334198e-02 1.040290951728820801e+00 8.884382843971252441e-01 -9.465064853429794312e-03 4.588986039161682129e-01 1.753829002380371094e+00
5.520073771476745605e-01 2.262555062770843506e-02 -8.335322141647338867e-01 -7.250742340087890625e+01 4.001909866929054260e-03 9.995483756065368652e-01 2.978219091892242432e-02 1.049183964729309082e+00 8.338297009468078613e-01 -1.977569982409477234e-02 5.516675114631652832e-01 2.296943902969360352e+00
6.381226181983947754e-01 1.052786037325859070e-02 -7.698627710342407227e-01 -7.310855102539062500e+01 1.763745024800300598e-02 9.994441866874694824e-01 2.828668057918548584e-02 1.052214026451110840e+00 7.697327733039855957e-01 -3.162878006696701050e-02 6.375821828842163086e-01 2.908664941787719727e+00
7.198789715766906738e-01 -1.153948949649930000e-03 -6.940987110137939453e-01 -7.365931701660156250e+01 1.134516019374132156e-02 9.998846054077148438e-01 1.010422036051750183e-02 1.056081056594848633e+00 6.940069198608398438e-01 -1.514848042279481888e-02 7.198089957237243652e-01 3.554384946823120117e+00
7.967184782028198242e-01 -6.044423207640647888e-03 -6.043204069137573242e-01 -7.416587829589843750e+01 5.806608125567436218e-03 9.999803900718688965e-01 -2.346558962017297745e-03 1.057855010032653809e+00 6.043227910995483398e-01 -1.639502006582915783e-03 7.967379093170166016e-01 4.300550937652587891e+00
8.620976805686950684e-01 -7.374496199190616608e-03 -5.066884756088256836e-01 -7.461515045166015625e+01 4.114510025829076767e-03 9.999629855155944824e-01 -7.553190924227237701e-03 1.053457021713256836e+00 5.067254900932312012e-01 4.426815081387758255e-03 8.620960712432861328e-01 5.155827045440673828e+00
9.103878736495971680e-01 1.247128966497257352e-04 -4.137557148933410645e-01 -7.501815795898437500e+01 -2.268793061375617981e-03 9.999864101409912109e-01 -4.690620116889476776e-03 1.038118958473205566e+00 4.137494862079620361e-01 5.209011025726795197e-03 9.103758931159973145e-01 6.110247135162353516e+00
9.422181248664855957e-01 8.825715631246566772e-03 -3.348836898803710938e-01 -7.537989044189453125e+01 -1.143551990389823914e-02 9.999176263809204102e-01 -5.822211969643831253e-03 1.030282020568847656e+00 3.348048031330108643e-01 9.315364062786102295e-03 9.422414898872375488e-01 7.151976108551025391e+00
9.601292014122009277e-01 9.160134010016918182e-03 -2.794066965579986572e-01 -7.569196319580078125e+01 -1.017334032803773880e-02 9.999458789825439453e-01 -2.176330890506505966e-03 1.010452032089233398e+00 2.793717086315155029e-01 4.932059906423091888e-03 9.601703882217407227e-01 8.281090736389160156e+00
9.708685278892517090e-01 1.164663024246692657e-02 -2.393295019865036011e-01 -7.598069000244140625e+01 -1.133082993328571320e-02 9.999321103096008301e-01 2.695420989766716957e-03 9.966334104537963867e-01 2.393447011709213257e-01 9.490508091403171420e-05 9.709346890449523926e-01 9.486417770385742188e+00
9.775062203407287598e-01 2.013451047241687775e-02 -2.099436074495315552e-01 -7.625804138183593750e+01 -1.939282938838005066e-02 9.997962713241577148e-01 5.591007880866527557e-03 9.812746047973632812e-01 2.100134044885635376e-01 -1.393842045217752457e-03 9.776974916458129883e-01 1.075522041320800781e+01
9.829611182212829590e-01 1.830401085317134857e-02 -1.828999072313308716e-01 -7.649294281005859375e+01 -1.770181953907012939e-02 9.998311996459960938e-01 4.924681968986988068e-03 9.734489917755126953e-01 1.829591989517211914e-01 -1.603108015842735767e-03 9.831191897392272949e-01 1.209150028228759766e+01
9.879062771797180176e-01 1.985394954681396484e-02 -1.537754982709884644e-01 -7.670271301269531250e+01 -1.919323019683361053e-02 9.997990727424621582e-01 5.780145060271024704e-03 9.650850892066955566e-01 1.538594067096710205e-01 -2.758790971711277962e-03 9.880889058113098145e-01 1.349407005310058594e+01
9.913421869277954102e-01 2.118523977696895599e-02 -1.295831054449081421e-01 -7.688462066650390625e+01 -2.151281014084815979e-02 9.997678995132446289e-01 -1.128479023464024067e-03 9.437304735183715820e-01 1.295291036367416382e-01 3.906405996531248093e-03 9.915679097175598145e-01 1.494544982910156250e+01
9.935925006866455078e-01 1.788792945444583893e-02 -1.115977019071578979e-01 -7.704090881347656250e+01 -1.906291954219341278e-02 9.997733831405639648e-01 -9.470564313232898712e-03 9.267551898956298828e-01 1.114030033349990845e-01 1.153726037591695786e-02 9.937083721160888672e-01 1.644684028625488281e+01
9.947552084922790527e-01 2.430267073214054108e-02 -9.935507923364639282e-02 -7.719880676269531250e+01 -2.389875054359436035e-02 9.997006058692932129e-01 5.253838840872049332e-03 8.975356221199035645e-01 9.945300966501235962e-02 -2.851820085197687149e-03 9.950382113456726074e-01 1.799358940124511719e+01
9.955248236656188965e-01 2.343595959246158600e-02 -9.154850244522094727e-02 -7.733722686767578125e+01 -2.275392040610313416e-02 9.997050166130065918e-01 8.486911654472351074e-03 8.765599727630615234e-01 9.172040969133377075e-02 -6.365842185914516449e-03 9.957644939422607422e-01 1.953400993347167969e+01
9.961043000221252441e-01 2.209172025322914124e-02 -8.537129312753677368e-02 -7.746373748779296875e+01 -2.137123979628086090e-02 9.997279047966003418e-01 9.344273246824741364e-03 8.595219254493713379e-01 8.555450290441513062e-02 -7.483377121388912201e-03 9.963054060935974121e-01 2.107246017456054688e+01
9.966536164283752441e-01 1.782812923192977905e-02 -7.977274805307388306e-02 -7.757340240478515625e+01 -1.673758961260318756e-02 9.997574090957641602e-01 1.431852020323276520e-02 8.408160805702209473e-01 8.000867068767547607e-02 -1.293540000915527344e-02 9.967101812362670898e-01 2.261433982849121094e+01
9.969878792762756348e-01 1.955555006861686707e-02 -7.505097240209579468e-02 -7.767675018310546875e+01 -1.932612992823123932e-02 9.998061060905456543e-01 3.782018087804317474e-03 8.191267848014831543e-01 7.511038333177566528e-02 -2.320179948583245277e-03 9.971724748611450195e-01 2.413826942443847656e+01
9.971687197685241699e-01 2.063474990427494049e-02 -7.231107354164123535e-02 -7.778961181640625000e+01 -2.132266946136951447e-02 9.997342824935913086e-01 -8.754246868193149567e-03 7.903153896331787109e-01 7.211121916770935059e-02 1.027133036404848099e-02 9.973437190055847168e-01 2.565477943420410156e+01
9.973626136779785156e-01 2.544213086366653442e-02 -6.797409057617187500e-02 -7.790878295898437500e+01 -2.571466937661170959e-02 9.996644258499145508e-01 -3.137223888188600540e-03 7.508496046066284180e-01 6.787146627902984619e-02 4.876880906522274017e-03 9.976822137832641602e-01 2.718066978454589844e+01
9.976148009300231934e-01 2.726026996970176697e-02 -6.341609358787536621e-02 -7.802007293701171875e+01 -2.705552056431770325e-02 9.996256232261657715e-01 4.085521213710308075e-03 7.137060165405273438e-01 6.350371986627578735e-02 -2.360018901526927948e-03 9.979788064956665039e-01 2.869199943542480469e+01
9.978606104850769043e-01 2.223991043865680695e-02 -6.147886067628860474e-02 -7.810970306396484375e+01 -2.201719954609870911e-02 9.997482895851135254e-01 4.297682084143161774e-03 6.798769235610961914e-01 6.155896931886672974e-02 -2.934894058853387833e-03 9.980990886688232422e-01 3.019277000427246094e+01
9.980139136314392090e-01 2.011648006737232208e-02 -5.969512835144996643e-02 -7.819809722900390625e+01 -2.011990919709205627e-02 9.997974038124084473e-01 5.437239888124167919e-04 6.476765871047973633e-01 5.969396978616714478e-02 6.584171205759048462e-04 9.982165098190307617e-01 3.170129966735839844e+01
9.980744719505310059e-01 2.157565020024776459e-02 -5.815251916646957397e-02 -7.829498291015625000e+01 -2.151671983301639557e-02 9.997671246528625488e-01 1.639537978917360306e-03 6.149091720581054688e-01 5.817434936761856079e-02 -3.851293004117906094e-04 9.983063936233520508e-01 3.323078918457031250e+01
9.979711174964904785e-01 2.159270085394382477e-02 -5.989507958292961121e-02 -7.839927673339843750e+01 -2.159192040562629700e-02 9.997665882110595703e-01 6.603379151783883572e-04 5.789980888366699219e-01 5.989535897970199585e-02 6.342523265630006790e-04 9.982045292854309082e-01 3.477685165405273438e+01
9.976773858070373535e-01 2.011745981872081757e-02 -6.507738679647445679e-02 -7.850717926025390625e+01 -2.011485025286674500e-02 9.997974038124084473e-01 6.953249103389680386e-04 5.473641157150268555e-01 6.507819890975952148e-02 6.153131253086030483e-04 9.978799819946289062e-01 3.634754180908203125e+01
9.971703886985778809e-01 2.553433924913406372e-02 -7.070528715848922729e-02 -7.863616943359375000e+01 -2.581427060067653656e-02 9.996621012687683105e-01 -3.047893987968564034e-03 5.110167860984802246e-01 7.060357928276062012e-02 4.864475224167108536e-03 9.974926114082336426e-01 3.793751907348632812e+01
9.968668222427368164e-01 2.420539967715740204e-02 -7.530350238084793091e-02 -7.876270294189453125e+01 -2.494465000927448273e-02 9.996492862701416016e-01 -8.891721256077289581e-03 4.825696051120758057e-01 7.506187260150909424e-02 1.074227970093488693e-02 9.971209764480590820e-01 3.954602050781250000e+01
9.965245127677917480e-01 2.452513016760349274e-02 -7.960794121026992798e-02 -7.889592742919921875e+01 -2.510311082005500793e-02 9.996652007102966309e-01 -6.267557851970195770e-03 4.461481869220733643e-01 7.942757755517959595e-02 8.244181051850318909e-03 9.968066215515136719e-01 4.119467926025390625e+01
9.963374733924865723e-01 2.221963927149772644e-02 -8.257033675909042358e-02 -7.902896881103515625e+01 -2.241260930895805359e-02 9.997478127479553223e-01 -1.410729018971323967e-03 4.207819998264312744e-01 8.251816779375076294e-02 3.256178926676511765e-03 9.965842962265014648e-01 4.287429046630859375e+01
9.963145852088928223e-01 2.183582074940204620e-02 -8.294878900051116943e-02 -7.917130279541015625e+01 -2.140883915126323700e-02 9.997525811195373535e-01 6.033575162291526794e-03 3.888969123363494873e-01 8.306001871824264526e-02 -4.235500004142522812e-03 9.965355992317199707e-01 4.457894134521484375e+01
9.965519905090332031e-01 2.539001032710075378e-02 -7.899004966020584106e-02 -7.931862640380859375e+01 -2.509685046970844269e-02 9.996739029884338379e-01 4.702072124928236008e-03 3.639285862445831299e-01 7.908368110656738281e-02 -2.703456906601786613e-03 9.968643188476562500e-01 4.629919815063476562e+01
9.969335198402404785e-01 1.893558911979198456e-02 -7.592862099409103394e-02 -7.944526672363281250e+01 -1.895157061517238617e-02 9.998201727867126465e-01 5.102881113998591900e-04 3.344376981258392334e-01 7.592464238405227661e-02 9.302438120357692242e-04 9.971131086349487305e-01 4.803165817260742188e+01
9.972125887870788574e-01 1.581569947302341461e-02 -7.291775196790695190e-02 -7.957376098632812500e+01 -1.565801911056041718e-02 9.998735785484313965e-01 2.733571920543909073e-03 3.027918934822082520e-01 7.295177131891250610e-02 -1.584204030223190784e-03 9.973341822624206543e-01 4.977894973754882812e+01
9.973788261413574219e-01 1.166362036019563675e-02 -7.141078263521194458e-02 -7.969741821289062500e+01 -1.127731986343860626e-02 9.999194741249084473e-01 5.810409784317016602e-03 2.720426917076110840e-01 7.147280871868133545e-02 -4.989855922758579254e-03 9.974300861358642578e-01 5.152944946289062500e+01
9.974390864372253418e-01 1.598026975989341736e-02 -6.971307843923568726e-02 -7.983358001708984375e+01 -1.619357056915760040e-02 9.998657107353210449e-01 -2.495506079867482185e-03 2.408601939678192139e-01 6.966385245323181152e-02 3.618018934503197670e-03 9.975640177726745605e-01 5.325479888916015625e+01
9.974312186241149902e-01 2.221504040062427521e-02 -6.809873133897781372e-02 -7.996964263916015625e+01 -2.324070036411285400e-02 9.996274709701538086e-01 -1.430614013224840164e-02 1.922996044158935547e-01 6.775555014610290527e-02 1.585205085575580597e-02 9.975759983062744141e-01 5.496561813354492188e+01
9.975764155387878418e-01 1.936230994760990143e-02 -6.683202832937240601e-02 -8.009272766113281250e+01 -2.008844912052154541e-02 9.997460246086120605e-01 -1.021018996834754944e-02 1.408071964979171753e-01 6.661736965179443359e-02 1.152800023555755615e-02 9.977120161056518555e-01 5.667063140869140625e+01
9.974598288536071777e-01 2.043472044169902802e-02 -6.823714077472686768e-02 -8.022244262695312500e+01 -1.982576027512550354e-02 9.997574090957641602e-01 9.589694440364837646e-03 9.233456850051879883e-02 6.841655820608139038e-02 -8.212478831410408020e-03 9.976230263710021973e-01 5.837775039672851562e+01
9.972625970840454102e-01 1.027044001966714859e-02 -7.322438061237335205e-02 -8.033870697021484375e+01 -1.012139953672885895e-02 9.999458789825439453e-01 2.406206913292407990e-03 5.914324894547462463e-02 7.324513047933578491e-02 -1.658485969528555870e-03 9.973126053810119629e-01 6.004264068603515625e+01
9.968585968017578125e-01 1.117944996803998947e-02 -7.840894162654876709e-02 -8.047400665283203125e+01 -1.129988022148609161e-02 9.999355077743530273e-01 -1.092300051823258400e-03 1.826729997992515564e-02 7.839167863130569458e-02 1.974880928173661232e-03 9.969207048416137695e-01 6.169567108154296875e+01
9.962043762207031250e-01 1.356199011206626892e-02 -8.598213642835617065e-02 -8.062088775634765625e+01 -1.429631002247333527e-02 9.998663067817687988e-01 -7.930284366011619568e-03 -2.632294036448001862e-02 8.586311340332031250e-02 9.129409678280353546e-03 9.962651133537292480e-01 6.332786941528320312e+01
9.955323934555053711e-01 2.018083073198795319e-02 -9.223929047584533691e-02 -8.077809906005859375e+01 -2.133437991142272949e-02 9.997057914733886719e-01 -1.153711974620819092e-02 -8.379998058080673218e-02 9.197933226823806763e-02 1.345343980938196182e-02 9.956700205802917480e-01 6.494508361816406250e+01
9.946717023849487305e-01 2.644463069736957550e-02 -9.964404255151748657e-02 -8.094518280029296875e+01 -2.706426940858364105e-02 9.996218085289001465e-01 -4.871639888733625412e-03 -1.360470056533813477e-01 9.947752952575683594e-02 7.542475126683712006e-03 9.950112104415893555e-01 6.655928802490234375e+01
9.937512278556823730e-01 2.685355022549629211e-02 -1.083396002650260925e-01 -8.112341308593750000e+01 -2.642608061432838440e-02 9.996362924575805664e-01 5.379750858992338181e-03 -1.755819022655487061e-01 1.084446012973785400e-01 -2.483143005520105362e-03 9.940993785858154297e-01 6.815998840332031250e+01
9.923840761184692383e-01 2.388636954128742218e-02 -1.208442002534866333e-01 -8.131684875488281250e+01 -2.290157042443752289e-02 9.996923208236694336e-01 9.531912393867969513e-03 -2.042168974876403809e-01 1.210346966981887817e-01 -6.691792979836463928e-03 9.926257133483886719e-01 6.973954772949218750e+01
9.906752109527587891e-01 2.878540009260177612e-02 -1.331689059734344482e-01 -8.154225921630859375e+01 -2.781246043741703033e-02 9.995712041854858398e-01 9.160899557173252106e-03 -2.305563986301422119e-01 1.333754956722259521e-01 -5.371720064431428909e-03 9.910510182380676270e-01 7.129190826416015625e+01
9.889857769012451172e-01 2.968952059745788574e-02 -1.450022011995315552e-01 -8.178343963623046875e+01 -2.963715046644210815e-02 9.995574951171875000e-01 2.521778922528028488e-03 -2.550722956657409668e-01 1.450129002332687378e-01 1.803450053557753563e-03 9.894281029701232910e-01 7.282192993164062500e+01
9.873797893524169922e-01 3.326103091239929199e-02 -1.548379957675933838e-01 -8.204910278320312500e+01 -3.277160972356796265e-02 9.994465112686157227e-01 5.713067948818206787e-03 -2.836517095565795898e-01 1.549423933029174805e-01 -5.666748038493096828e-04 9.879233837127685547e-01 7.434335327148437500e+01
9.853625893592834473e-01 3.400570899248123169e-02 -1.670455932617187500e-01 -8.232698822021484375e+01 -3.223878145217895508e-02 9.993919730186462402e-01 1.327876001596450806e-02 -3.160459101200103760e-01 1.673956066370010376e-01 -7.699044886976480484e-03 9.858598113059997559e-01 7.585198211669921875e+01
9.827805161476135254e-01 2.892231941223144531e-02 -1.824992001056671143e-01 -8.261415863037109375e+01 -2.899125963449478149e-02 9.995769858360290527e-01 2.290685893967747688e-03 -3.380953073501586914e-01 1.824882030487060547e-01 3.039638977497816086e-03 9.832032918930053711e-01 7.733161163330078125e+01
9.789754152297973633e-01 2.717524953186511993e-02 -2.021601051092147827e-01 -8.293034362792968750e+01 -2.694435976445674896e-02 9.996293187141418457e-01 3.894513007253408432e-03 -3.753983080387115479e-01 2.021909952163696289e-01 1.634442014619708061e-03 9.793447852134704590e-01 7.880776977539062500e+01
9.739398956298828125e-01 2.838646061718463898e-02 -2.250227034091949463e-01 -8.328408813476562500e+01 -2.525288052856922150e-02 9.995399713516235352e-01 1.679220981895923615e-02 -3.994933962821960449e-01 2.253959029912948608e-01 -1.067212969064712524e-02 9.742087721824645996e-01 8.028096771240234375e+01
9.683189988136291504e-01 3.263245150446891785e-02 -2.475749999284744263e-01 -8.365789794921875000e+01 -2.923309989273548126e-02 9.994211792945861816e-01 1.739514060318470001e-02 -4.178226888179779053e-01 2.479993999004364014e-01 -9.606654755771160126e-03 9.687126278877258301e-01 8.172567749023437500e+01
9.618067741394042969e-01 2.926475927233695984e-02 -2.721602916717529297e-01 -8.405741882324218750e+01 -2.967254072427749634e-02 9.995561838150024414e-01 2.618079073727130890e-03 -4.274941980838775635e-01 2.721162140369415283e-01 5.557599943131208420e-03 9.622483849525451660e-01 8.314038085937500000e+01
9.548138976097106934e-01 2.935585007071495056e-02 -2.957510054111480713e-01 -8.449278259277343750e+01 -2.609382010996341705e-02 9.995474219322204590e-01 1.497147046029567719e-02 -4.369496107101440430e-01 2.960565984249114990e-01 -6.577693857252597809e-03 9.551476836204528809e-01 8.458415985107421875e+01
9.470295906066894531e-01 2.680373005568981171e-02 -3.200258016586303711e-01 -8.496507263183593750e+01 -2.186718024313449860e-02 9.995800852775573730e-01 1.900978945195674896e-02 -4.446969032287597656e-01 3.204008936882019043e-01 -1.100477017462253571e-02 9.472181200981140137e-01 8.601174163818359375e+01
9.398766160011291504e-01 2.184171974658966064e-02 -3.408151865005493164e-01 -8.546878814697265625e+01 -2.010926045477390289e-02 9.997606277465820312e-01 8.615450002253055573e-03 -4.551185071468353271e-01 3.409217894077301025e-01 -1.243917038664221764e-03 9.400908946990966797e-01 8.741700744628906250e+01
9.343112111091613770e-01 1.670851930975914001e-02 -3.560666143894195557e-01 -8.599632263183593750e+01 -1.806969009339809418e-02 9.998366236686706543e-01 -4.968568100593984127e-04 -4.725987911224365234e-01 3.560002148151397705e-01 6.898231804370880127e-03 9.344604015350341797e-01 8.882079315185546875e+01
9.281430244445800781e-01 2.311602048575878143e-02 -3.715052902698516846e-01 -8.656905364990234375e+01 -2.398839965462684631e-02 9.997096061706542969e-01 2.273563994094729424e-03 -4.896331131458282471e-01 3.714500069618225098e-01 6.801627110689878464e-03 9.284281134605407715e-01 9.021553039550781250e+01
9.220799803733825684e-01 2.377708069980144501e-02 -3.862681984901428223e-01 -8.715878295898437500e+01 -1.933901943266391754e-02 9.996948242187500000e-01 1.537198014557361603e-02 -4.804139137268066406e-01 3.865157961845397949e-01 -6.704146042466163635e-03 9.222583770751953125e-01 9.162194061279296875e+01
9.166730046272277832e-01 4.222960025072097778e-02 -3.974007070064544678e-01 -8.780249786376953125e+01 -3.629672154784202576e-02 9.990890026092529297e-01 2.244314923882484436e-02 -4.756231904029846191e-01 3.979864120483398438e-01 -6.148684769868850708e-03 9.173706769943237305e-01 9.300350952148437500e+01
9.121701121330261230e-01 3.050276078283786774e-02 -4.086749851703643799e-01 -8.842784118652343750e+01 -3.076793998479843140e-02 9.995089769363403320e-01 5.926946178078651428e-03 -4.619747996330261230e-01 4.086551964282989502e-01 7.167703937739133835e-03 9.126607179641723633e-01 9.437577056884765625e+01
