1.000000000000000000e+00 1.197624031196165006e-11 1.704639068789148837e-10 3.214095995103007086e-14 1.197624985294076794e-11 1.000000000000000000e+00 3.562503070320133247e-10 -1.998401020808808146e-15 1.704639068789148837e-10 3.562503070320133247e-10 1.000000000000000000e+00 -4.041212148448748709e-14
9.999831914901733398e-01 5.587657913565635681e-03 1.562737976200878620e-03 7.192397955805063248e-03 -5.592622794210910797e-03 9.999791979789733887e-01 3.190364921465516090e-03 -3.682362139225006104e-01 -1.544879050925374031e-03 -3.199049970135092735e-03 9.999936819076538086e-01 1.630417943000793457e+00
9.999566078186035156e-01 8.891450241208076477e-03 2.795367967337369919e-03 2.958662994205951691e-02 -8.899772539734840393e-03 9.999558925628662109e-01 2.978513948619365692e-03 -7.343270182609558105e-01 -2.768761012703180313e-03 -3.003261052072048187e-03 9.999917149543762207e-01 3.173914909362792969e+00
9.999467134475708008e-01 9.344228543341159821e-03 4.393637180328369141e-03 3.816708177328109741e-02 -9.363343007862567902e-03 9.999467134475708008e-01 4.349580034613609314e-03 -1.102393984794616699e+00 -4.352760035544633865e-03 -4.390486050397157669e-03 9.999809265136718750e-01 4.630766868591308594e+00
9.999263286590576172e-01 9.856341406702995300e-03 7.085165008902549744e-03 5.170819163322448730e-02 -9.936435148119926453e-03 9.998860955238342285e-01 1.135915983468294144e-02 -1.470592975616455078e+00 -6.972398143261671066e-03 -1.142872031778097153e-02 9.999104142189025879e-01 5.969282150268554688e+00
9.999186992645263672e-01 8.184366859495639801e-03 9.779583662748336792e-03 7.747077196836471558e-02 -8.356400765478610992e-03 9.998087286949157715e-01 1.768149062991142273e-02 -1.839854955673217773e+00 -9.633001871407032013e-03 -1.776177063584327698e-02 9.997959136962890625e-01 7.179430007934570312e+00
9.998704195022583008e-01 9.739189408719539642e-03 1.281972974538803101e-02 7.806213200092315674e-02 -9.942603297531604767e-03 9.998241066932678223e-01 1.590012013912200928e-02 -2.206949949264526367e+00 -1.266262959688901901e-02 -1.602552086114883423e-02 9.997913837432861328e-01 8.294502258300781250e+00
9.998390078544616699e-01 8.391630835831165314e-03 1.586179062724113464e-02 4.539941996335983276e-02 -8.573432452976703644e-03 9.998978972434997559e-01 1.142837014049291611e-02 -2.579811096191406250e+00 -1.576426997780799866e-02 -1.156251970678567886e-02 9.998089075088500977e-01 9.219162940979003906e+00
9.998010993003845215e-01 2.371753100305795670e-03 1.980420947074890137e-02 4.725478962063789368e-02 -2.529940102249383926e-03 9.999650120735168457e-01 7.966288365423679352e-03 -2.953574895858764648e+00 -1.978462003171443939e-02 -8.014804683625698090e-03 9.997720718383789062e-01 1.004720020294189453e+01
9.996153712272644043e-01 1.130346022546291351e-02 2.532318979501724243e-02 3.769119083881378174e-02 -1.144997961819171906e-02 9.999185204505920410e-01 5.648136138916015625e-03 -3.333268880844116211e+00 -2.525728940963745117e-02 -5.935912020504474640e-03 9.996634125709533691e-01 1.075568962097167969e+01
9.994552731513977051e-01 8.077445439994335175e-03 3.199664875864982605e-02 5.072265863418579102e-02 -8.312720805406570435e-03 9.999393224716186523e-01 7.226896006613969803e-03 -3.706655025482177734e+00 -3.193634003400802612e-02 -7.488937117159366608e-03 9.994618892669677734e-01 1.132402038574218750e+01
9.993135929107666016e-01 -6.270530284382402897e-04 3.703920170664787292e-02 9.529700130224227905e-02 3.258713986724615097e-04 9.999668002128601074e-01 8.136907592415809631e-03 -4.071232795715332031e+00 -3.704307973384857178e-02 -8.119250647723674774e-03 9.992806911468505859e-01 1.179524040222167969e+01
9.991273880004882812e-01 -2.084992011077702045e-04 4.176700860261917114e-02 9.669037163257598877e-02 -1.395792060066014528e-04 9.999653100967407227e-01 8.330723270773887634e-03 -4.457474231719970703e+00 -4.176729172468185425e-02 -8.329280652105808258e-03 9.990926980972290039e-01 1.200800037384033203e+01
9.989076256752014160e-01 2.813382074236869812e-03 4.664482176303863525e-02 1.123429983854293823e-01 -3.078608075156807899e-03 9.999794960021972656e-01 5.615203175693750381e-03 -4.833710193634033203e+00 -4.662806168198585510e-02 -5.752669181674718857e-03 9.988958239555358887e-01 1.219147014617919922e+01
9.987372756004333496e-01 7.422855123877525330e-03 4.968709871172904968e-02 1.056002005934715271e-01 -7.627692073583602905e-03 9.999631047248840332e-01 3.934157080948352814e-03 -5.220757007598876953e+00 -4.965607076883316040e-02 -4.308186005800962448e-03 9.987571239471435547e-01 1.229323005676269531e+01
9.985752105712890625e-01 5.360110197216272354e-03 5.309252068400382996e-02 1.060556992888450623e-01 -5.390645004808902740e-03 9.999853968620300293e-01 4.319112049415707588e-04 -5.599751949310302734e+00 -5.308942869305610657e-02 -7.174980128183960915e-04 9.985895156860351562e-01 1.236695957183837891e+01
9.984369874000549316e-01 5.270555149763822556e-03 5.563918128609657288e-02 1.175632029771804810e-01 -5.162522196769714355e-03 9.999845027923583984e-01 -2.085248939692974091e-03 -5.973298072814941406e+00 -5.564931035041809082e-02 1.794751035049557686e-03 9.984487891197204590e-01 1.244526958465576172e+01
9.983127713203430176e-01 6.443194113671779633e-03 5.770625919103622437e-02 1.270332038402557373e-01 -6.078422069549560547e-03 9.999604225158691406e-01 -6.494509987533092499e-03 -6.350324153900146484e+00 -5.774582922458648682e-02 6.132788956165313721e-03 9.983124732971191406e-01 1.250059986114501953e+01
9.983038902282714844e-01 4.780261777341365814e-03 5.802113935351371765e-02 1.569457948207855225e-01 -4.162036813795566559e-03 9.999333024024963379e-01 -1.077135000377893448e-02 -6.719214916229248047e+00 -5.806875973939895630e-02 1.051159016788005829e-02 9.982572793960571289e-01 1.259012031555175781e+01
9.985874891281127930e-01 4.443315789103507996e-03 5.294651165604591370e-02 1.504195034503936768e-01 -3.758633043617010117e-03 9.999080896377563477e-01 -1.302418019622564316e-02 -7.091533184051513672e+00 -5.299951881170272827e-02 1.280677039176225662e-02 9.985123872756958008e-01 1.265651035308837891e+01
9.990504980087280273e-01 5.410247948020696640e-03 4.323012009263038635e-02 1.551810055971145630e-01 -4.750593099743127823e-03 9.998708963394165039e-01 -1.534736994653940201e-02 -7.457602977752685547e+00 -4.330758005380630493e-02 1.512742042541503906e-02 9.989473223686218262e-01 1.275494003295898438e+01
9.995545148849487305e-01 5.452373065054416656e-03 2.934508956968784332e-02 1.461489945650100708e-01 -4.955577198415994644e-03 9.998435974121093750e-01 -1.697565056383609772e-02 -7.823269844055175781e+00 -2.943306043744087219e-02 1.682266034185886383e-02 9.994251728057861328e-01 1.283660030364990234e+01
9.999268054962158203e-01 4.573882091790437698e-03 1.119881030172109604e-02 1.281228959560394287e-01 -4.356897901743650436e-03 9.998037815093994141e-01 -1.932404935359954834e-02 -8.187425613403320312e+00 -1.128499954938888550e-02 1.927383989095687866e-02 9.997506141662597656e-01 1.292430019378662109e+01
9.998427033424377441e-01 2.398227108642458916e-03 -1.757496036589145660e-02 1.134195029735565186e-01 -2.803070005029439926e-03 9.997304081916809082e-01 -2.304686047136783600e-02 -8.547404289245605469e+00 1.751494966447353363e-02 2.309250086545944214e-02 9.995799064636230469e-01 1.307847976684570312e+01
9.982646703720092773e-01 3.775973105803132057e-03 -5.876569077372550964e-02 4.601113870739936829e-02 -5.179830826818943024e-03 9.997044205665588379e-01 -2.375509031116962433e-02 -8.916115760803222656e+00 5.865861847996711731e-02 2.401825971901416779e-02 9.979891180992126465e-01 1.325183010101318359e+01
9.940242171287536621e-01 5.520365200936794281e-03 -1.090200990438461304e-01 -3.834924846887588501e-02 -7.841460406780242920e-03 9.997513890266418457e-01 -2.087327092885971069e-02 -9.281444549560546875e+00 1.088778004050254822e-01 2.160340920090675354e-02 9.938204288482666016e-01 1.351463985443115234e+01
9.850518107414245605e-01 7.041310891509056091e-03 -1.721141934394836426e-01 -1.784095019102096558e-01 -9.828243404626846313e-03 9.998338818550109863e-01 -1.534553989768028259e-02 -9.647142410278320312e+00 1.719775944948196411e-01 1.680772937834262848e-02 9.849575161933898926e-01 1.384669971466064453e+01
9.685782790184020996e-01 9.648296050727367401e-03 -2.485215961933135986e-01 -3.773914873600006104e-01 -1.144351996481418610e-02 9.999178051948547363e-01 -5.779957864433526993e-03 -1.000671958923339844e+01 2.484454065561294556e-01 8.442305028438568115e-03 9.686090946197509766e-01 1.423717975616455078e+01
9.431378245353698730e-01 1.732265017926692963e-02 -3.319503068923950195e-01 -6.372956037521362305e-01 -1.715753972530364990e-02 9.998468756675720215e-01 3.428447060286998749e-03 -1.036472034454345703e+01 3.319588899612426758e-01 2.461953088641166687e-03 9.432907104492187500e-01 1.469814968109130859e+01
9.078696966171264648e-01 2.365651912987232208e-02 -4.185845851898193359e-01 -9.848120808601379395e-01 -1.826631091535091400e-02 9.996905922889709473e-01 1.688018999993801117e-02 -1.071770000457763672e+01 4.188543856143951416e-01 -7.679014932364225388e-03 9.080209136009216309e-01 1.516901969909667969e+01
8.620790243148803711e-01 3.340436890721321106e-02 -5.056717991828918457e-01 -1.393517017364501953e+00 -2.199159935116767883e-02 9.993510842323303223e-01 2.852482907474040985e-02 -1.106348037719726562e+01 5.062965154647827148e-01 -1.347011979669332504e-02 8.622543215751647949e-01 1.559951019287109375e+01
8.042209148406982422e-01 4.061583057045936584e-02 -5.929409861564636230e-01 -1.909394025802612305e+00 -2.563446946442127228e-02 9.991042017936706543e-01 3.366890922188758850e-02 -1.139957046508789062e+01 5.937774181365966797e-01 -1.187750976532697678e-02 8.045417070388793945e-01 1.603100013732910156e+01
7.346863150596618652e-01 4.707185178995132446e-02 -6.767719984054565430e-01 -2.477418899536132812e+00 -2.705056034028530121e-02 9.988291859626770020e-01 4.010666906833648682e-02 -1.172012996673583984e+01 6.778674721717834473e-01 -1.115875970572233200e-02 7.350993752479553223e-01 1.648134040832519531e+01
6.560447812080383301e-01 4.895326867699623108e-02 -7.531325817108154297e-01 -3.168634891510009766e+00 -2.271313033998012543e-02 9.987227916717529297e-01 4.513140022754669189e-02 -1.203627967834472656e+01 7.543801069259643555e-01 -1.250221021473407745e-02 6.563187837600708008e-01 1.689162063598632812e+01
5.695871710777282715e-01 4.848083108663558960e-02 -8.204997777938842773e-01 -3.975380897521972656e+00 -1.300290040671825409e-02 9.986655116081237793e-01 4.998156055808067322e-02 -1.234846019744873047e+01 8.218281269073486328e-01 -1.779997907578945160e-02 5.694574713706970215e-01 1.729265022277832031e+01
4.744463860988616943e-01 4.980177059769630432e-02 -8.788744807243347168e-01 -4.868512153625488281e+00 -1.007275003939867020e-02 9.986401200294494629e-01 5.115073919296264648e-02 -1.264852046966552734e+01 8.802267909049987793e-01 -1.541559025645256042e-02 4.743028879165649414e-01 1.762520980834960938e+01
3.691101074218750000e-01 4.874750971794128418e-02 -9.281064271926879883e-01 -5.887261867523193359e+00 2.489876933395862579e-04 9.986181855201721191e-01 5.255008116364479065e-02 -1.294388008117675781e+01 9.293857216835021973e-01 -1.962783932685852051e-02 3.685879111289978027e-01 1.795787048339843750e+01
2.621716856956481934e-01 5.207781866192817688e-02 -9.636150002479553223e-01 -7.011137008666992188e+00 4.584746900945901871e-03 9.984642863273620605e-01 5.520861968398094177e-02 -1.323066997528076172e+01 9.650104045867919922e-01 -1.889205910265445709e-02 2.615303099155426025e-01 1.815574073791503906e+01
1.619793027639389038e-01 5.928469821810722351e-02 -9.850116968154907227e-01 -8.252991676330566406e+00 1.313696987926959991e-02 9.979755878448486328e-01 6.222527101635932922e-02 -1.351325035095214844e+01 9.867066740989685059e-01 -2.301926910877227783e-02 1.608725935220718384e-01 1.828627014160156250e+01
7.646129280328750610e-02 6.035371124744415283e-02 -9.952442049980163574e-01 -9.593783378601074219e+00 1.560784969478845596e-02 9.979714751243591309e-01 6.171821057796478271e-02 -1.379526042938232422e+01 9.969503879547119141e-01 -2.025266923010349274e-02 7.536420971155166626e-02 1.833353042602539062e+01
1.125897001475095749e-02 5.491995066404342651e-02 -9.984272718429565430e-01 -1.099242973327636719e+01 1.173808984458446503e-02 9.984145164489746094e-01 5.505162850022315979e-02 -1.405556964874267578e+01 9.998677968978881836e-01 -1.233945041894912720e-02 1.059646997600793839e-02 1.829694938659667969e+01
-2.370649948716163635e-02 6.555616110563278198e-02 -9.975671768188476562e-01 -1.254144001007080078e+01 1.115112006664276123e-02 9.978029131889343262e-01 6.530667096376419067e-02 -1.431624984741210938e+01 9.996567964553833008e-01 -9.575790725648403168e-03 -2.438543923199176788e-02 1.822513961791992188e+01
-3.608163073658943176e-02 6.637986749410629272e-02 -9.971417784690856934e-01 -1.412357044219970703e+01 1.247605029493570328e-02 9.977437257766723633e-01 6.596851348876953125e-02 -1.457497024536132812e+01 9.992709755897521973e-01 -1.006012968719005585e-02 -3.682838007807731628e-02 1.813721084594726562e+01
-3.164507821202278137e-02 6.008287146687507629e-02 -9.976915717124938965e-01 -1.580117988586425781e+01 3.128629922866821289e-02 9.977620244026184082e-01 5.909477174282073975e-02 -1.481184005737304688e+01 9.990093708038330078e-01 -2.934400923550128937e-02 -3.345401957631111145e-02 1.807756042480468750e+01
-2.067797072231769562e-02 5.974135920405387878e-02 -9.979997277259826660e-01 -1.755345916748046875e+01 2.923874929547309875e-02 9.978222846984863281e-01 5.912493914365768433e-02 -1.506398010253906250e+01 9.993585944175720215e-01 -2.795767039060592651e-02 -2.237970009446144104e-02 1.800715065002441406e+01
-1.567118987441062927e-02 4.255995899438858032e-02 -9.989709854125976562e-01 -1.938035011291503906e+01 3.241267055273056030e-02 9.985901713371276855e-01 4.203528910875320435e-02 -1.530597019195556641e+01 9.993516802787780762e-01 -3.172056004405021667e-02 -1.702857017517089844e-02 1.794148063659667969e+01
-1.617202907800674438e-02 3.088548034429550171e-02 -9.993920922279357910e-01 -2.126054000854492188e+01 1.899556070566177368e-02 9.993519186973571777e-01 3.057686053216457367e-02 -1.556622982025146484e+01 9.996888041496276855e-01 -1.848950982093811035e-02 -1.674824021756649017e-02 1.784686088562011719e+01
-2.404652908444404602e-02 4.528804123401641846e-02 -9.986845254898071289e-01 -2.322660064697265625e+01 3.459999104961752892e-03 9.989711046218872070e-01 4.521774128079414368e-02 -1.583917045593261719e+01 9.997048974037170410e-01 -2.368113026022911072e-03 -2.417849004268646240e-02 1.773257064819335938e+01
-3.089861944317817688e-02 6.432144343852996826e-02 -9.974507093429565430e-01 -2.529453086853027344e+01 1.407133997417986393e-03 9.979289770126342773e-01 6.430871039628982544e-02 -1.606607055664062500e+01 9.995216131210327148e-01 5.835075862705707550e-04 -3.092513978481292725e-02 1.761259078979492188e+01
-3.328379988670349121e-02 7.492391020059585571e-02 -9.966335892677307129e-01 -2.737966918945312500e+01 4.588331095874309540e-03 9.971870779991149902e-01 7.481230050325393677e-02 -1.627576065063476562e+01 9.994354248046875000e-01 -2.082841936498880386e-03 -3.353394940495491028e-02 1.749961090087890625e+01
-3.776023909449577332e-02 6.701813638210296631e-02 -9.970369935035705566e-01 -2.953256988525390625e+01 2.963673090562224388e-03 9.977515935897827148e-01 6.695395708084106445e-02 -1.620289039611816406e+01 9.992824792861938477e-01 -4.266898904461413622e-04 -3.787396103143692017e-02 1.738266944885253906e+01
-4.829629138112068176e-02 5.700185149908065796e-02 -9.972051978111267090e-01 -3.173534965515136719e+01 3.288774052634835243e-03 9.983739256858825684e-01 5.690938979387283325e-02 -1.578394031524658203e+01 9.988276958465576172e-01 -5.310653941705822945e-04 -4.840523004531860352e-02 1.725922966003417969e+01
-6.139335036277770996e-02 5.761688947677612305e-02 -9.964492917060852051e-01 -3.393642044067382812e+01 2.900271909311413765e-03 9.983385205268859863e-01 5.754745006561279297e-02 -1.538866996765136719e+01 9.981095194816589355e-01 6.430604262277483940e-04 -6.145844981074333191e-02 1.710564041137695312e+01
-7.415594905614852905e-02 6.602683663368225098e-02 -9.950584769248962402e-01 -3.617205047607421875e+01 -9.470292716287076473e-04 9.978005886077880859e-01 6.627938896417617798e-02 -1.500020980834960938e+01 9.972462058067321777e-01 5.857363808900117874e-03 -7.393032312393188477e-02 1.691299057006835938e+01
-8.206543326377868652e-02 6.964787095785140991e-02 -9.941902756690979004e-01 -3.840568161010742188e+01 -8.185576647520065308e-03 9.974743723869323730e-01 7.055363059043884277e-02 -1.466221046447753906e+01 9.965934157371520996e-01 1.392803993076086044e-02 -8.128806203603744507e-02 1.670137977600097656e+01
-8.541948348283767700e-02 7.071176171302795410e-02 -9.938325881958007812e-01 -4.062924957275390625e+01 -1.382669992744922638e-02 9.972981810569763184e-01 7.214675098657608032e-02 -1.434628009796142578e+01 9.962491989135742188e-01 1.990416087210178375e-02 -8.421097695827484131e-02 1.648345947265625000e+01
-8.794604986906051636e-02 6.892771273851394653e-02 -9.937375783920288086e-01 -4.282445144653320312e+01 -1.524842996150255203e-02 9.973930120468139648e-01 7.053075730800628662e-02 -1.406396961212158203e+01 9.960085749626159668e-01 2.135583944618701935e-02 -8.666574209928512573e-02 1.626519012451171875e+01
-8.995252847671508789e-02 6.620536744594573975e-02 -9.937431216239929199e-01 -4.502104949951171875e+01 -2.151424996554851532e-02 9.974260926246643066e-01 6.839819997549057007e-02 -1.380484962463378906e+01 9.957137107849121094e-01 2.753222920000553131e-02 -8.829663693904876709e-02 1.601243972778320312e+01
-8.991260081529617310e-02 5.990904942154884338e-02 -9.941462278366088867e-01 -4.723303985595703125e+01 -2.934123948216438293e-02 9.975966215133666992e-01 6.277067959308624268e-02 -1.357688999176025391e+01 9.955173730850219727e-01 3.481334820389747620e-02 -8.793868869543075562e-02 1.573585033416748047e+01
-8.668331801891326904e-02 6.811416149139404297e-02 -9.939045906066894531e-01 -4.944347000122070312e+01 -3.137246891856193542e-02 9.969785213470458984e-01 7.106097787618637085e-02 -1.336907005310058594e+01 9.957419037818908691e-01 3.734103962779045105e-02 -8.428449183702468872e-02 1.545981025695800781e+01
-8.364523947238922119e-02 6.640440970659255981e-02 -9.942805767059326172e-01 -5.167686080932617188e+01 -2.774387039244174957e-02 9.972351789474487305e-01 6.893575191497802734e-02 -1.315869045257568359e+01 9.961093068122863770e-01 3.335132822394371033e-02 -8.157166838645935059e-02 1.519242954254150391e+01
-7.535716146230697632e-02 6.775177270174026489e-02 -9.948521852493286133e-01 -5.392581939697265625e+01 -3.748530894517898560e-02 9.967914223670959473e-01 7.072325050830841064e-02 -1.296288013458251953e+01 9.964517951011657715e-01 4.262185096740722656e-02 -7.257567346096038818e-02 1.489225959777832031e+01
-6.502658128738403320e-02 6.692597270011901855e-02 -9.956367015838623047e-01 -5.614944839477539062e+01 -4.318935051560401917e-02 9.966247081756591797e-01 6.981316953897476196e-02 -1.275199985504150391e+01 9.969484806060791016e-01 4.754060879349708557e-02 -6.191660091280937195e-02 1.457561016082763672e+01
-5.494773015379905701e-02 6.589686125516891479e-02 -9.963123798370361328e-01 -5.840182876586914062e+01 -4.137153178453445435e-02 9.968127012252807617e-01 6.821165978908538818e-02 -1.256373977661132812e+01 9.976317882537841797e-01 4.496704041957855225e-02 -5.204633995890617371e-02 1.432993030548095703e+01
-4.500111937522888184e-02 6.782186031341552734e-02 -9.966819882392883301e-01 -6.067987823486328125e+01 -3.928250819444656372e-02 9.968010187149047852e-01 6.960360705852508545e-02 -1.238486957550048828e+01 9.982143044471740723e-01 4.228441044688224792e-02 -4.219295084476470947e-02 1.413022041320800781e+01
-3.516735881567001343e-02 6.905607879161834717e-02 -9.969927072525024414e-01 -6.296889114379882812e+01 -4.056068137288093567e-02 9.966892004013061523e-01 7.046578824520111084e-02 -1.219174003601074219e+01 9.985579848289489746e-01 4.291678965091705322e-02 -3.224996849894523621e-02 1.395899009704589844e+01
-2.640420012176036835e-02 5.890870839357376099e-02 -9.979140758514404297e-01 -6.524508666992187500e+01 -3.991461172699928284e-02 9.974039196968078613e-01 5.993472039699554443e-02 -1.201646995544433594e+01 9.988542199134826660e-01 4.141386970877647400e-02 -2.398433908820152283e-02 1.382443046569824219e+01
-2.034543082118034363e-02 6.036822125315666199e-02 -9.979687929153442383e-01 -6.759390258789062500e+01 -3.973630070686340332e-02 9.973378777503967285e-01 6.114016845822334290e-02 -1.184383964538574219e+01 9.990031123161315918e-01 4.089951142668724060e-02 -1.789245940744876862e-02 1.370405006408691406e+01
-1.809778995811939240e-02 5.985204875469207764e-02 -9.980431795120239258e-01 -7.000113677978515625e+01 -4.127001017332077026e-02 9.973111748695373535e-01 6.055653095245361328e-02 -1.167313957214355469e+01 9.989840984344482422e-01 4.228518158197402954e-02 -1.557902991771697998e-02 1.356369972229003906e+01
-1.686692051589488983e-02 6.096637994050979614e-02 -9.979972839355468750e-01 -7.239633178710937500e+01 -4.337038844823837280e-02 9.971551895141601562e-01 6.164794042706489563e-02 -1.151583957672119141e+01 9.989166855812072754e-01 4.432334005832672119e-02 -1.417480036616325378e-02 1.344486999511718750e+01
-1.554827019572257996e-02 5.759720876812934875e-02 -9.982187747955322266e-01 -7.484838104248046875e+01 -4.229506850242614746e-02 9.974079728126525879e-01 5.820922926068305969e-02 -1.137302017211914062e+01 9.989842176437377930e-01 4.312478005886077881e-02 -1.307188998907804489e-02 1.338556003570556641e+01
-1.560555025935173035e-02 5.777322873473167419e-02 -9.982076883316040039e-01 -7.723489379882812500e+01 -3.659645840525627136e-02 9.976273775100708008e-01 5.831177905201911926e-02 -1.125605964660644531e+01 9.992082715034484863e-01 3.744085878133773804e-02 -1.345422957092523575e-02 1.334214973449707031e+01
-1.562562026083469391e-02 6.441172957420349121e-02 -9.978011250495910645e-01 -7.962986755371093750e+01 -3.851884976029396057e-02 9.971433281898498535e-01 6.497249752283096313e-02 -1.112001991271972656e+01 9.991356730461120605e-01 3.944937884807586670e-02 -1.309990976005792618e-02 1.328629016876220703e+01
-1.512821018695831299e-02 6.231167167425155640e-02 -9.979420900344848633e-01 -8.199092102050781250e+01 -4.185086116194725037e-02 9.971421957015991211e-01 6.289616972208023071e-02 -1.098760032653808594e+01 9.990093708038330078e-01 4.271623119711875916e-02 -1.247716974467039108e-02 1.320252037048339844e+01
-1.544064003974199295e-02 5.927158147096633911e-02 -9.981225132942199707e-01 -8.440032196044921875e+01 -3.978760913014411926e-02 9.974144101142883301e-01 5.984504893422126770e-02 -1.086318969726562500e+01 9.990888833999633789e-01 4.063694924116134644e-02 -1.304243970662355423e-02 1.315402030944824219e+01
-1.529084984213113785e-02 6.367263197898864746e-02 -9.978536963462829590e-01 -8.680644989013671875e+01 -3.746142983436584473e-02 9.972332119941711426e-01 6.420709937810897827e-02 -1.074238967895507812e+01 9.991810917854309082e-01 3.836280107498168945e-02 -1.286328025162220001e-02 1.311627006530761719e+01
-1.494369003921747208e-02 6.664048880338668823e-02 -9.976651072502136230e-01 -8.920185089111328125e+01 -3.954052180051803589e-02 9.969567060470581055e-01 6.718544661998748779e-02 -1.060912990570068359e+01 9.991062879562377930e-01 4.045220091938972473e-02 -1.226320955902338028e-02 1.305741024017333984e+01
-1.473155990242958069e-02 6.291315704584121704e-02 -9.979103207588195801e-01 -9.159021759033203125e+01 -3.738750889897346497e-02 9.972860217094421387e-01 6.342574954032897949e-02 -1.047161006927490234e+01 9.991922974586486816e-01 3.824372962117195129e-02 -1.233941037207841873e-02 1.300185012817382812e+01
-1.475695986300706863e-02 6.691902875900268555e-02 -9.976493120193481445e-01 -9.393274688720703125e+01 -3.380332887172698975e-02 9.971541762351989746e-01 6.738585233688354492e-02 -1.035521984100341797e+01 9.993196129798889160e-01 3.471827134490013123e-02 -1.245287992060184479e-02 1.293824005126953125e+01
-1.433771010488271713e-02 7.088180631399154663e-02 -9.973816871643066406e-01 -9.626959991455078125e+01 -3.294447064399719238e-02 9.969090819358825684e-01 7.132183015346527100e-02 -1.022043037414550781e+01 9.993544220924377441e-01 3.388080000877380371e-02 -1.195823028683662415e-02 1.287471961975097656e+01
-1.410675980150699615e-02 7.217106223106384277e-02 -9.972925186157226562e-01 -9.858643341064453125e+01 -3.785543143749237061e-02 9.966381192207336426e-01 7.265920192003250122e-02 -1.007536029815673828e+01 9.991837143898010254e-01 3.877792134881019592e-02 -1.132727041840553284e-02 1.279300022125244141e+01
-1.378196012228727341e-02 6.721518933773040771e-02 -9.976432919502258301e-01 -1.009217987060546875e+02 -4.238304868340492249e-02 9.968020915985107422e-01 6.774403154850006104e-02 -9.909115791320800781e+00 9.990063905715942383e-01 4.321680963039398193e-02 -1.088909991085529327e-02 1.272103977203369141e+01
-1.382142025977373123e-02 6.419181823730468750e-02 -9.978417754173278809e-01 -1.032537994384765625e+02 -4.050964862108230591e-02 9.970818758010864258e-01 6.470406055450439453e-02 -9.744092941284179688e+00 9.990835785865783691e-01 4.131652042269706726e-02 -1.118069980293512344e-02 1.267107009887695312e+01
-1.376547012478113174e-02 6.909020990133285522e-02 -9.975153803825378418e-01 -1.055891036987304688e+02 -3.882953897118568420e-02 9.968205094337463379e-01 6.957793235778808594e-02 -9.584647178649902344e+00 9.991511106491088867e-01 3.969082981348037720e-02 -1.103895995765924454e-02 1.262203979492187500e+01
-1.511515025049448013e-02 6.918361037969589233e-02 -9.974893927574157715e-01 -1.079506988525390625e+02 -4.716131836175918579e-02 9.964436888694763184e-01 6.982575356960296631e-02 -9.415204048156738281e+00 9.987729787826538086e-01 4.809834063053131104e-02 -1.179859973490238190e-02 1.257470989227294922e+01
-1.546784956008195877e-02 6.486281007528305054e-02 -9.977743029594421387e-01 -1.103205032348632812e+02 -5.108527839183807373e-02 9.965391159057617188e-01 6.557448208332061768e-02 -9.260089874267578125e+00 9.985744953155517578e-01 5.198587104678153992e-02 -1.210078038275241852e-02 1.251737022399902344e+01
-1.697470061480998993e-02 5.962552875280380249e-02 -9.980764985084533691e-01 -1.127058029174804688e+02 -4.814105108380317688e-02 9.970138072967529297e-01 6.038082018494606018e-02 -9.117584228515625000e+00 9.986963272094726562e-01 4.907339066267013550e-02 -1.405358035117387772e-02 1.247058963775634766e+01
-1.811674050986766815e-02 6.064885854721069336e-02 -9.979947209358215332e-01 -1.151253967285156250e+02 -4.251461848616600037e-02 9.972090125083923340e-01 6.137289851903915405e-02 -8.981267929077148438e+00 9.989315867424011230e-01 4.354124143719673157e-02 -1.548771001398563385e-02 1.242753028869628906e+01
-1.956860907375812531e-02 6.523925065994262695e-02 -9.976776838302612305e-01 -1.175658035278320312e+02 -4.047871008515357971e-02 9.969989061355590820e-01 6.598883122205734253e-02 -8.839873313903808594e+00 9.989888072013854980e-01 4.167601093649864197e-02 -1.686907932162284851e-02 1.237794017791748047e+01
-2.077225036919116974e-02 5.688172951340675354e-02 -9.981647729873657227e-01 -1.200195999145507812e+02 -4.036182165145874023e-02 9.975185990333557129e-01 5.768486112356185913e-02 -8.692053794860839844e+00 9.989691972732543945e-01 4.148599132895469666e-02 -1.842484995722770691e-02 1.233172035217285156e+01
-2.236095070838928223e-02 5.644258111715316772e-02 -9.981554150581359863e-01 -1.225068969726562500e+02 -4.084258899092674255e-02 9.975200295448303223e-01 5.732163041830062866e-02 -8.560564994812011719e+00 9.989153742790222168e-01 4.204900935292243958e-02 -2.000023052096366882e-02 1.227758026123046875e+01
-2.337086945772171021e-02 6.485527753829956055e-02 -9.976209998130798340e-01 -1.250245971679687500e+02 -5.160285905003547668e-02 9.964849948883056641e-01 6.599032878875732422e-02 -8.423793792724609375e+00 9.983941912651062012e-01 5.302233994007110596e-02 -1.994200050830841064e-02 1.220345020294189453e+01
-2.336487919092178345e-02 6.227403134107589722e-02 -9.977855086326599121e-01 -1.275410003662109375e+02 -6.224464997649192810e-02 9.960309863090515137e-01 6.362210959196090698e-02 -8.279417991638183594e+00 9.977874159812927246e-01 6.359332799911499023e-02 -1.939591951668262482e-02 1.212394046783447266e+01
-2.450825087726116180e-02 6.093629822134971619e-02 -9.978407025337219238e-01 -1.300583038330078125e+02 -6.481836736202239990e-02 9.959434270858764648e-01 6.241247057914733887e-02 -8.146583557128906250e+00 9.975960850715637207e-01 6.620801985263824463e-02 -2.045902982354164124e-02 1.205681037902832031e+01
-2.559009939432144165e-02 6.019128859043121338e-02 -9.978588223457336426e-01 -1.325697937011718750e+02 -6.262396275997161865e-02 9.961286187171936035e-01 6.169293075799942017e-02 -8.016230583190917969e+00 9.977090954780578613e-01 6.406859308481216431e-02 -2.172161079943180084e-02 1.198861980438232422e+01
-2.711300924420356750e-02 7.025142759084701538e-02 -9.971607923507690430e-01 -1.351127014160156250e+02 -6.179922819137573242e-02 9.955015778541564941e-01 7.181488722562789917e-02 -7.849143028259277344e+00 9.977203011512756348e-01 6.357087939977645874e-02 -2.264956012368202209e-02 1.188152980804443359e+01
-2.682924084365367889e-02 6.672024726867675781e-02 -9.974108934402465820e-01 -1.376470031738281250e+02 -6.177164986729621887e-02 9.957525730133056641e-01 6.827092170715332031e-02 -7.667957782745361328e+00 9.977297186851501465e-01 6.344337016344070435e-02 -2.259385958313941956e-02 1.176336956024169922e+01
-2.502910047769546509e-02 6.609067320823669434e-02 -9.974995851516723633e-01 -1.401685028076171875e+02 -6.146397814154624939e-02 9.958227276802062988e-01 6.752183288335800171e-02 -7.505311012268066406e+00 9.977955222129821777e-01 6.300029903650283813e-02 -2.086235024034976959e-02 1.166711997985839844e+01
-2.363087981939315796e-02 7.168036699295043945e-02 -9.971476793289184570e-01 -1.426864013671875000e+02 -6.250069290399551392e-02 9.953690767288208008e-01 7.303371280431747437e-02 -7.340825080871582031e+00 9.977651834487915039e-01 6.404826045036315918e-02 -1.904137060046195984e-02 1.159259986877441406e+01
-2.147885970771312714e-02 7.044828683137893677e-02 -9.972841143608093262e-01 -1.451858978271484375e+02 -6.634029746055603027e-02 9.952152967453002930e-01 7.173095643520355225e-02 -7.169433116912841797e+00 9.975659251213073730e-01 6.770081818103790283e-02 -1.670253090560436249e-02 1.152369022369384766e+01
-2.139798924326896667e-02 6.537338346242904663e-02 -9.976313710212707520e-01 -1.476694030761718750e+02 -6.242782995104789734e-02 9.958252906799316406e-01 6.659404188394546509e-02 -7.013380050659179688e+00 9.978200793266296387e-01 6.370493769645690918e-02 -1.722753979265689850e-02 1.146580982208251953e+01
-2.180569991469383240e-02 6.500904262065887451e-02 -9.976463913917541504e-01 -1.501605987548828125e+02 -5.841013044118881226e-02 9.960963129997253418e-01 6.618472188711166382e-02 -6.855329990386962891e+00 9.980545043945312500e-01 5.971584841609001160e-02 -1.792339049279689789e-02 1.142916011810302734e+01
-2.179096080362796783e-02 6.441207230091094971e-02 -9.976853728294372559e-01 -1.526381988525390625e+02 -5.578181147575378418e-02 9.962894916534423828e-01 6.554032117128372192e-02 -6.706249237060546875e+00 9.982051849365234375e-01 5.708087980747222900e-02 -1.811707951128482819e-02 1.138177013397216797e+01
-2.229256927967071533e-02 6.811945885419845581e-02 -9.974281191825866699e-01 -1.551150970458984375e+02 -5.065852031111717224e-02 9.963173866271972656e-01 6.917583942413330078e-02 -6.552505016326904297e+00 9.984672069549560547e-01 5.207033082842826843e-02 -1.875963993370532990e-02 1.133296012878417969e+01
-2.299799956381320953e-02 6.680774688720703125e-02 -9.975007772445678711e-01 -1.575798034667968750e+02 -4.929137974977493286e-02 9.964753985404968262e-01 6.787554174661636353e-02 -6.397564888000488281e+00 9.985197186470031738e-01 5.072918161749839783e-02 -1.962389051914215088e-02 1.128127002716064453e+01
-2.282772026956081390e-02 7.800935953855514526e-02 -9.966912269592285156e-01 -1.600473937988281250e+02 -5.548653006553649902e-02 9.953154921531677246e-01 7.917253673076629639e-02 -6.238274097442626953e+00 9.981985092163085938e-01 5.711026117205619812e-02 -1.839230954647064209e-02 1.121405982971191406e+01
-2.021618001163005829e-02 7.450810074806213379e-02 -9.970154762268066406e-01 -1.624963073730468750e+02 -6.392140686511993408e-02 9.950826764106750488e-01 7.565978914499282837e-02 -6.066573143005371094e+00 9.977502226829528809e-01 6.526017934083938599e-02 -1.535410992801189423e-02 1.114319992065429688e+01
-1.787968911230564117e-02 6.694462895393371582e-02 -9.975965023040771484e-01 -1.649275054931640625e+02 -6.824237853288650513e-02 9.953474998474121094e-01 6.801681965589523315e-02 -5.893694877624511719e+00 9.975085854530334473e-01 6.929446756839752197e-02 -1.322805043309926987e-02 1.105807018280029297e+01
-1.674962043762207031e-02 5.980426818132400513e-02 -9.980695843696594238e-01 -1.673603973388671875e+02 -5.978266149759292603e-02 9.963638186454772949e-01 6.070534884929656982e-02 -5.732439041137695312e+00 9.980708956718444824e-01 6.068404018878936768e-02 -1.311345957219600677e-02 1.098338031768798828e+01
-1.781171001493930817e-02 5.875010043382644653e-02 -9.981138110160827637e-01 -1.697601013183593750e+02 -5.092762038111686707e-02 9.969230294227600098e-01 5.958883836865425110e-02 -5.605440139770507812e+00 9.985435009002685547e-01 5.189292877912521362e-02 -1.476490031927824020e-02 1.095551967620849609e+01
-1.583274081349372864e-02 6.957454979419708252e-02 -9.974511265754699707e-01 -1.721694946289062500e+02 -5.361843109130859375e-02 9.960817098617553711e-01 7.033015042543411255e-02 -5.472772121429443359e+00 9.984359741210937500e-01 5.459528043866157532e-02 -1.204022020101547241e-02 1.091427040100097656e+01
-1.313538011163473129e-02 6.521237641572952271e-02 -9.977849125862121582e-01 -1.745713958740234375e+02 -5.623548850417137146e-02 9.962434768676757812e-01 6.585197150707244873e-02 -5.329432010650634766e+00 9.983311891555786133e-01 5.697590857744216919e-02 -9.418784640729427338e-03 1.087681961059570312e+01
-1.158079970628023148e-02 6.590723246335983276e-02 -9.977585077285766602e-01 -1.769647064208984375e+02 -5.443479120731353760e-02 9.963042140007019043e-01 6.644300371408462524e-02 -5.194579124450683594e+00 9.984502196311950684e-01 5.508223176002502441e-02 -7.950347848236560822e-03 1.084636974334716797e+01
-8.388821966946125031e-03 6.580291688442230225e-02 -9.977974295616149902e-01 -1.792850036621093750e+02 -5.633023008704185486e-02 9.962168931961059570e-01 6.617230176925659180e-02 -5.066444873809814453e+00 9.983770251274108887e-01 5.676126107573509216e-02 -4.650391172617673874e-03 1.081723976135253906e+01
-6.540296133607625961e-03 6.937316805124282837e-02 -9.975693225860595703e-01 -1.814904937744140625e+02 -5.718671157956123352e-02 9.959321022033691406e-01 6.963425874710083008e-02 -4.952630996704101562e+00 9.983420968055725098e-01 5.750313028693199158e-02 -2.546465024352073669e-03 1.079613018035888672e+01
-6.359991151839494705e-03 7.207243889570236206e-02 -9.973791241645812988e-01 -1.835944061279296875e+02 -5.676449090242385864e-02 9.957649707794189453e-01 7.231778651475906372e-02 -4.834936141967773438e+00 9.983674287796020508e-01 5.707566067576408386e-02 -2.241899026557803154e-03 1.078028964996337891e+01
-4.743684083223342896e-03 7.124931365251541138e-02 -9.974471926689147949e-01 -1.855760040283203125e+02 -5.784703046083450317e-02 9.957686066627502441e-01 7.140453159809112549e-02 -4.716959953308105469e+00 9.983142018318176270e-01 5.803807079792022705e-02 -6.020487053319811821e-04 1.076461982727050781e+01
-3.778346115723252296e-03 6.997750699520111084e-02 -9.975414276123046875e-01 -1.874582977294921875e+02 -5.770893022418022156e-02 9.958708286285400391e-01 7.007891684770584106e-02 -4.609148979187011719e+00 9.983263015747070312e-01 5.783182010054588318e-02 2.755849855020642281e-04 1.075883960723876953e+01
-1.165041979402303696e-02 6.389029324054718018e-02 -9.978889226913452148e-01 -1.893137969970703125e+02 -5.447499081492424011e-02 9.964339733123779297e-01 6.443315744400024414e-02 -4.505680084228515625e+00 9.984471797943115234e-01 5.511064827442169189e-02 -8.128451183438301086e-03 1.075259971618652344e+01
-2.071765996515750885e-02 5.943642184138298035e-02 -9.980170726776123047e-01 -1.911562042236328125e+02 -5.793055891990661621e-02 9.964827895164489746e-01 6.054763123393058777e-02 -4.399103164672851562e+00 9.981057047843933105e-01 5.907009169459342957e-02 -1.720160990953445435e-02 1.071113967895507812e+01
-2.550639957189559937e-02 6.166065111756324768e-02 -9.977712035179138184e-01 -1.929868927001953125e+02 -5.907277017831802368e-02 9.962587952613830566e-01 6.307730823755264282e-02 -4.289628028869628906e+00 9.979277849197387695e-01 6.054997816681861877e-02 -2.176851034164428711e-02 1.066331958770751953e+01
-2.850303053855895996e-02 6.420523673295974731e-02 -9.975296258926391602e-01 -1.948034973144531250e+02 -5.441766977310180664e-02 9.963554739952087402e-01 6.568458676338195801e-02 -4.179889202117919922e+00 9.981114268302917480e-01 5.615543946623802185e-02 -2.490524016320705414e-02 1.061676979064941406e+01
-3.031411953270435333e-02 6.220597028732299805e-02 -9.976028203964233398e-01 -1.966085052490234375e+02 -5.593546107411384583e-02 9.963918924331665039e-01 6.383018195629119873e-02 -4.067261219024658203e+00 9.979740977287292480e-01 5.773631855845451355e-02 -2.672523073852062225e-02 1.055881977081298828e+01
-2.954154089093208313e-02 5.959992110729217529e-02 -9.977850914001464844e-01 -1.984163055419921875e+02 -6.252220273017883301e-02 9.961559176445007324e-01 6.135372817516326904e-02 -3.956722021102905273e+00 9.976062774658203125e-01 6.419619172811508179e-02 -2.570166066288948059e-02 1.049573993682861328e+01
-2.808593027293682098e-02 5.428418144583702087e-02 -9.981303811073303223e-01 -2.002353973388671875e+02 -6.284353137016296387e-02 9.964532256126403809e-01 5.596129968762397766e-02 -3.849512100219726562e+00 9.976282119750976562e-01 6.429775804281234741e-02 -2.457490004599094391e-02 1.043745040893554688e+01
-2.673598937690258026e-02 5.624752864241600037e-02 -9.980587959289550781e-01 -2.020796051025390625e+02 -6.105063855648040771e-02 9.964600801467895508e-01 5.779286846518516541e-02 -3.740004062652587891e+00 9.977766275405883789e-01 6.247726827859878540e-02 -2.320739999413490295e-02 1.038821983337402344e+01
-2.581601962447166443e-02 5.576046183705329895e-02 -9.981104135513305664e-01 -2.039467010498046875e+02 -5.600544065237045288e-02 9.967942833900451660e-01 5.713552981615066528e-02 -3.633390903472900391e+00 9.980967044830322266e-01 5.737461149692535400e-02 -2.261037006974220276e-02 1.034146022796630859e+01
-2.543750964105129242e-02 5.176775157451629639e-02 -9.983351230621337891e-01 -2.058363037109375000e+02 -5.703048035502433777e-02 9.969567060470581055e-01 5.314942076802253723e-02 -3.519026994705200195e+00 9.980484247207641602e-01 5.828750878572463989e-02 -2.240774966776371002e-02 1.031186008453369141e+01
-2.205885946750640869e-02 5.575481057167053223e-02 -9.982007741928100586e-01 -2.077649993896484375e+02 -5.744561925530433655e-02 9.967234134674072266e-01 5.694177001714706421e-02 -3.412267923355102539e+00 9.981048703193664551e-01 5.859832838177680969e-02 -1.878371089696884155e-02 1.028252983093261719e+01
-1.806830056011676788e-02 6.090253964066505432e-02 -9.979801774024963379e-01 -2.097570953369140625e+02 -5.684078857302665710e-02 9.964662194252014160e-01 6.183926016092300415e-02 -3.273746967315673828e+00 9.982197880744934082e-01 5.784330889582633972e-02 -1.454269979149103165e-02 1.031768035888671875e+01
