1.000000000000000000e+00 1.197624985294076794e-11 1.704637958566124212e-10 5.551115123125782702e-17 1.197624985294076794e-11 1.000000000000000000e+00 3.562503070320133247e-10 0.000000000000000000e+00 1.704637958566124212e-10 3.562503070320133247e-10 1.000000000000000000e+00 2.220446049250313081e-16
9.998142719268798828e-01 -5.167712923139333725e-03 1.856599934399127960e-02 3.879027068614959717e-02 5.141246132552623749e-03 9.999856948852539062e-01 1.473071984946727753e-03 -1.513782981783151627e-02 -1.857334934175014496e-02 -1.377344946376979351e-03 9.998266100883483887e-01 5.807337760925292969e-01
9.997748136520385742e-01 -9.463067166507244110e-03 1.899364963173866272e-02 6.515084207057952881e-02 9.496346116065979004e-03 9.999535083770751953e-01 -1.662555034272372723e-03 -2.474145963788032532e-02 -1.897702924907207489e-02 1.842551049776375294e-03 9.998182058334350586e-01 1.185209989547729492e+00
9.999011754989624023e-01 -1.405064016580581665e-02 5.041622207500040531e-04 6.976837664842605591e-02 1.405302993953227997e-02 9.998881816864013672e-01 -5.094792228192090988e-03 -3.440222889184951782e-02 -4.325204063206911087e-04 5.101372953504323959e-03 9.999868869781494141e-01 1.824326038360595703e+00
9.993602037429809570e-01 -8.848874829709529877e-03 -3.465390950441360474e-02 3.493816033005714417e-02 8.679166436195373535e-03 9.999495744705200195e-01 -5.044682882726192474e-03 -5.403998121619224548e-02 3.469680994749069214e-02 4.740688018500804901e-03 9.993866086006164551e-01 2.516768932342529297e+00
9.972366094589233398e-01 -4.507957957684993744e-03 -7.415363192558288574e-02 -3.086300007998943329e-02 4.012606106698513031e-03 9.999685883522033691e-01 -6.827705074101686478e-03 -7.085383683443069458e-02 7.418209314346313477e-02 6.511288229376077652e-03 9.972234964370727539e-01 3.247150897979736328e+00
9.933378100395202637e-01 -7.329142186790704727e-03 -1.150052994489669800e-01 -1.231302991509437561e-01 6.752021145075559616e-03 9.999626278877258301e-01 -5.406981799751520157e-03 -8.517902344465255737e-02 1.150406002998352051e-01 4.594441968947649002e-03 9.933502078056335449e-01 4.021895885467529297e+00
9.888527989387512207e-01 -4.731324035674333572e-03 -1.488211005926132202e-01 -2.714242041110992432e-01 4.211142193526029587e-03 9.999837875366210938e-01 -3.810277907177805901e-03 -1.043554022908210754e-01 1.488367021083831787e-01 3.141097957268357277e-03 9.888567924499511719e-01 4.828312873840332031e+00
9.845820069313049316e-01 -4.884309135377407074e-03 -1.748553067445755005e-01 -4.410341978073120117e-01 4.143076017498970032e-03 9.999808073043823242e-01 -4.603915847837924957e-03 -1.230563968420028687e-01 1.748743951320648193e-01 3.808494890108704567e-03 9.845833778381347656e-01 5.683091163635253906e+00
9.812036752700805664e-01 -8.176023140549659729e-03 -1.928016990423202515e-01 -6.223878860473632812e-01 6.568660959601402283e-03 9.999380707740783691e-01 -8.974631316959857941e-03 -1.398922950029373169e-01 1.928631067276000977e-01 7.539493031799793243e-03 9.811967015266418457e-01 6.586938858032226562e+00
9.780319929122924805e-01 -7.866009138524532318e-03 -2.083062976598739624e-01 -8.348053097724914551e-01 5.207470152527093887e-03 9.998978972434997559e-01 -1.330798026174306870e-02 -1.604264974594116211e-01 2.083896994590759277e-01 1.193088013678789139e-02 9.779731035232543945e-01 7.548377990722656250e+00
9.744446873664855957e-01 -1.794208958745002747e-02 -2.239098995923995972e-01 -1.052873969078063965e+00 1.460499037057161331e-02 9.997562766075134277e-01 -1.655112020671367645e-02 -1.870514005422592163e-01 2.241524010896682739e-01 1.285795029252767563e-02 9.744693040847778320e-01 8.554974555969238281e+00
9.703810214996337891e-01 -1.477647013962268829e-02 -2.411272972822189331e-01 -1.317953944206237793e+00 9.627659805119037628e-03 9.997001290321350098e-01 -2.251734957098960876e-02 -2.194402962923049927e-01 2.413876950740814209e-01 1.952891051769256592e-02 9.702323079109191895e-01 9.607605934143066406e+00
9.659984707832336426e-01 -1.382599025964736938e-02 -2.581776082515716553e-01 -1.600916981697082520e+00 6.935713812708854675e-03 9.995955228805541992e-01 -2.757989056408405304e-02 -2.736563980579376221e-01 2.584545016288757324e-01 2.485148049890995026e-02 9.657037258148193359e-01 1.069970989227294922e+01
9.613944888114929199e-01 -1.660121046006679535e-02 -2.746726870536804199e-01 -1.902902007102966309e+00 7.991665042936801910e-03 9.994419217109680176e-01 -3.243425861001014709e-02 -3.279271125793457031e-01 2.750579118728637695e-01 2.898702956736087799e-02 9.609906077384948730e-01 1.182925987243652344e+01
9.567949175834655762e-01 -1.642720028758049011e-02 -2.902992069721221924e-01 -2.247333049774169922e+00 4.781738854944705963e-03 9.991567134857177734e-01 -4.077934101223945618e-02 -3.862946033477783203e-01 2.907243072986602783e-01 3.762932866811752319e-02 9.560667276382446289e-01 1.300125980377197266e+01
9.537103176116943359e-01 -1.848288998007774353e-02 -3.001582920551300049e-01 -2.620929956436157227e+00 1.619281945750117302e-03 9.984105825424194336e-01 -5.633423849940299988e-02 -4.420317113399505615e-01 3.007225096225738525e-01 5.324050039052963257e-02 9.522244930267333984e-01 1.421691989898681641e+01
9.511734843254089355e-01 -1.798415929079055786e-02 -3.081322908401489258e-01 -3.024730920791625977e+00 -5.045061931014060974e-03 9.972618222236633301e-01 -7.377885282039642334e-02 -5.190175175666809082e-01 3.086153864860534668e-01 7.173103094100952148e-02 9.484784007072448730e-01 1.547708988189697266e+01
9.481933116912841797e-01 -1.538124028593301773e-02 -3.173213899135589600e-01 -3.471584081649780273e+00 -1.300716958940029144e-02 9.961102008819580078e-01 -8.715049922466278076e-02 -6.308147907257080078e-01 3.174276053905487061e-01 8.676295727491378784e-02 9.443050026893615723e-01 1.679488945007324219e+01
9.449061751365661621e-01 -1.222398038953542709e-02 -3.271127939224243164e-01 -3.951023101806640625e+00 -2.114986069500446320e-02 9.949346184730529785e-01 -9.827402234077453613e-02 -7.690047025680541992e-01 3.266572058200836182e-01 9.977810084819793701e-02 9.398614168167114258e-01 1.811393928527832031e+01
9.414125084877014160e-01 -8.075799793004989624e-03 -3.371604979038238525e-01 -4.466633796691894531e+00 -2.826314046978950500e-02 9.943075180053710938e-01 -1.027318015694618225e-01 -9.233993887901306152e-01 3.360708951950073242e-01 1.062422022223472595e-01 9.358252882957458496e-01 1.949748992919921875e+01
9.368680715560913086e-01 -7.519301958382129669e-03 -3.496021032333374023e-01 -5.002325057983398438e+00 -2.946951985359191895e-02 9.945142865180969238e-01 -1.003630012273788452e-01 -1.091050028800964355e+00 3.484388887882232666e-01 1.043294966220855713e-01 9.315071702003479004e-01 2.092424964904785156e+01
9.310994148254394531e-01 -6.948836147785186768e-03 -3.646993041038513184e-01 -5.575589179992675781e+00 -3.003738075494766235e-02 9.949622154235839844e-01 -9.564486891031265259e-02 -1.260053038597106934e+00 3.635266125202178955e-01 1.000095009803771973e-01 9.261999726295471191e-01 2.238961982727050781e+01
9.242864251136779785e-01 -1.524340012110769749e-03 -3.816966116428375244e-01 -6.215009212493896484e+00 -3.317487984895706177e-02 9.958871006965637207e-01 -8.431083709001541138e-02 -1.438959956169128418e+00 3.802553117275238037e-01 9.059008955955505371e-02 9.204342961311340332e-01 2.387854003906250000e+01
9.168007969856262207e-01 3.486620029434561729e-03 -3.993296027183532715e-01 -6.893668174743652344e+00 -3.796476870775222778e-02 9.961938261985778809e-01 -7.846345007419586182e-02 -1.606966972351074219e+00 3.975360989570617676e-01 8.709579706192016602e-02 9.134436845779418945e-01 2.538492012023925781e+01
9.088636040687561035e-01 3.268539905548095703e-03 -4.170807003974914551e-01 -7.606334209442138672e+00 -3.875321149826049805e-02 9.963054060935974121e-01 -7.663965225219726562e-02 -1.761965990066528320e+00 4.152893126010894775e-01 8.581818640232086182e-02 9.056323766708374023e-01 2.691436958312988281e+01
9.011219143867492676e-01 3.561204997822642326e-03 -4.335513114929199219e-01 -8.362269401550292969e+00 -3.882329910993576050e-02 9.966120123863220215e-01 -7.250673323869705200e-02 -1.915760993957519531e+00 4.318242073059082031e-01 8.216927945613861084e-02 8.982071876525878906e-01 2.846912002563476562e+01
8.934531211853027344e-01 6.286261137574911118e-03 -4.491125047206878662e-01 -9.164410591125488281e+00 -3.863652050495147705e-02 9.972714185714721680e-01 -6.290362030267715454e-02 -2.060214042663574219e+00 4.474917054176330566e-01 7.355356961488723755e-02 8.912581801414489746e-01 3.005970954895019531e+01
8.858289718627929688e-01 5.849285051226615906e-03 -4.639748930931091309e-01 -1.000712013244628906e+01 -3.614491969347000122e-02 9.977520704269409180e-01 -5.642994865775108337e-02 -2.196451902389526367e+00 4.626019001007080078e-01 6.675761193037033081e-02 8.840491771697998047e-01 3.167495918273925781e+01
8.793578743934631348e-01 5.398334935307502747e-03 -4.761309027671813965e-01 -1.089503955841064453e+01 -3.522843867540359497e-02 9.979329109191894531e-01 -5.374830961227416992e-02 -2.319479942321777344e+00 4.748565852642059326e-01 6.403733789920806885e-02 8.777303099632263184e-01 3.331700134277343750e+01
8.737376928329467773e-01 3.155668964609503746e-03 -4.863871932029724121e-01 -1.182493972778320312e+01 -3.246567025780677795e-02 9.981272816658020020e-01 -5.184495076537132263e-02 -2.443855047225952148e+00 4.853127002716064453e-01 6.108976900577545166e-02 8.722038865089416504e-01 3.499697113037109375e+01
8.701921105384826660e-01 2.319481922313570976e-03 -4.927071928977966309e-01 -1.279251003265380859e+01 -3.265580907464027405e-02 9.980615973472595215e-01 -5.297636985778808594e-02 -2.570878982543945312e+00 4.916293025016784668e-01 6.218935921788215637e-02 8.685811161994934082e-01 3.672203826904296875e+01
8.696349263191223145e-01 2.975154900923371315e-03 -4.936864972114562988e-01 -1.378452014923095703e+01 -3.195058181881904602e-02 9.982246756553649902e-01 -5.026564002037048340e-02 -2.707338094711303711e+00 4.926604926586151123e-01 5.948631092905998230e-02 8.681861162185668945e-01 3.851663970947265625e+01
8.687731027603149414e-01 1.966427043953444809e-05 -4.952104091644287109e-01 -1.480797004699707031e+01 -2.858147956430912018e-02 9.983350038528442383e-01 -5.010231956839561462e-02 -2.841758966445922852e+00 4.943849146366119385e-01 5.768138915300369263e-02 8.673272132873535156e-01 4.034309005737304688e+01
8.661087155342102051e-01 -3.152817022055387497e-03 -4.998457133769989014e-01 -1.586740016937255859e+01 -2.470117062330245972e-02 9.984884262084960938e-01 -4.909906163811683655e-02 -2.976584911346435547e+00 4.992449879646301270e-01 5.487189069390296936e-02 8.647217154502868652e-01 4.219039916992187500e+01
8.612121939659118652e-01 -2.515559084713459015e-03 -5.082393884658813477e-01 -1.694522094726562500e+01 -2.112708985805511475e-02 9.989461898803710938e-01 -4.074421152472496033e-02 -3.108900070190429688e+00 5.078064203262329102e-01 4.582703113555908203e-02 8.602514863014221191e-01 4.403506851196289062e+01
8.520812988281250000e-01 -5.804948043078184128e-03 -5.233771800994873047e-01 -1.804673004150390625e+01 -1.816238090395927429e-02 9.990084171295166016e-01 -4.064948856830596924e-02 -3.235636949539184570e+00 5.230941772460937500e-01 4.414243996143341064e-02 8.511310219764709473e-01 4.585694885253906250e+01
8.398030996322631836e-01 -1.033534016460180283e-02 -5.427927970886230469e-01 -1.921228981018066406e+01 -1.601771079003810883e-02 9.989117980003356934e-01 -4.380276054143905640e-02 -3.356507062911987305e+00 5.426548123359680176e-01 4.547997936606407166e-02 8.387235999107360840e-01 4.766231918334960938e+01
8.287116289138793945e-01 -1.605835976079106331e-03 -5.596736073493957520e-01 -2.043383979797363281e+01 -2.050624974071979523e-02 9.992372989654541016e-01 -3.323077037930488586e-02 -3.465272903442382812e+00 5.593001246452331543e-01 3.901553153991699219e-02 8.280466198921203613e-01 4.943336105346679688e+01
8.208827972412109375e-01 -4.306569229811429977e-03 -5.710805058479309082e-01 -2.167506980895996094e+01 -2.223178930580615997e-02 9.989725947380065918e-01 -3.948977962136268616e-02 -3.574727058410644531e+00 5.706639289855957031e-01 4.511262103915214539e-02 8.199437260627746582e-01 5.115814971923828125e+01
8.145803213119506836e-01 -6.933136843144893646e-03 -5.800092816352844238e-01 -2.292528915405273438e+01 -2.492186985909938812e-02 9.985868930816650391e-01 -4.693752899765968323e-02 -3.696615934371948242e+00 5.795150995254516602e-01 5.268929898738861084e-02 8.132565021514892578e-01 5.287388992309570312e+01
8.078624010086059570e-01 -2.799690002575516701e-03 -5.893645286560058594e-01 -2.420130920410156250e+01 -2.439166046679019928e-02 9.989730715751647949e-01 -3.817997872829437256e-02 -3.822516918182373047e+00 5.888661742210388184e-01 4.521974176168441772e-02 8.069645762443542480e-01 5.459688949584960938e+01
8.016397953033447266e-01 -7.168066222220659256e-04 -5.978069901466369629e-01 -2.549477958679199219e+01 -2.557653933763504028e-02 9.990425109863281250e-01 -3.549522906541824341e-02 -3.921433925628662109e+00 5.972599983215332031e-01 4.374422132968902588e-02 8.008539080619812012e-01 5.631341934204101562e+01
7.940434217453002930e-01 -4.490124061703681946e-03 -6.078444719314575195e-01 -2.680899047851562500e+01 -2.469163946807384491e-02 9.989091157913208008e-01 -3.963425010442733765e-02 -4.019298076629638672e+00 6.073594093322753906e-01 4.647998139262199402e-02 7.930663228034973145e-01 5.801514816284179688e+01
7.851232886314392090e-01 -5.698290187865495682e-03 -6.193131804466247559e-01 -2.815970039367675781e+01 -2.355686947703361511e-02 9.989593029022216797e-01 -3.905520960688591003e-02 -4.126091003417968750e+00 6.188912987709045410e-01 4.525223001837730408e-02 7.841721177101135254e-01 5.969578170776367188e+01
7.747575044631958008e-01 -6.527503952383995056e-03 -6.322247982025146484e-01 -2.954118919372558594e+01 -2.367155998945236206e-02 9.989460706710815430e-01 -3.932199999690055847e-02 -4.248257160186767578e+00 6.318151950836181641e-01 4.543076083064079285e-02 7.737864851951599121e-01 6.136090850830078125e+01
7.635462880134582520e-01 -9.127522818744182587e-03 -6.456884741783142090e-01 -3.095782089233398438e+01 -2.273017913103103638e-02 9.989005923271179199e-01 -4.099968820810317993e-02 -4.369133949279785156e+00 6.453529000282287598e-01 4.598177969455718994e-02 7.624993920326232910e-01 6.301776885986328125e+01
7.515981197357177734e-01 -1.253177039325237274e-02 -6.595023274421691895e-01 -3.241735839843750000e+01 -2.142437919974327087e-02 9.988281726837158203e-01 -4.339578002691268921e-02 -4.495388984680175781e+00 6.592733263969421387e-01 4.674560949206352234e-02 7.504488825798034668e-01 6.466956329345703125e+01
7.390351891517639160e-01 -1.353693008422851562e-02 -6.735308170318603516e-01 -3.390235900878906250e+01 -1.966365054249763489e-02 9.989386200904846191e-01 -4.165317118167877197e-02 -4.621788024902343750e+00 6.733797788619995117e-01 4.402723163366317749e-02 7.379845976829528809e-01 6.629393768310546875e+01
7.260757088661193848e-01 -1.543597970157861710e-02 -6.874415278434753418e-01 -3.545262145996093750e+01 -1.787202991545200348e-02 9.989866018295288086e-01 -4.130791872739791870e-02 -4.759468078613281250e+00 6.873825192451477051e-01 4.227865114808082581e-02 7.250639796257019043e-01 6.789100646972656250e+01
7.133849263191223145e-01 -1.644260063767433167e-02 -7.005795240402221680e-01 -3.705458068847656250e+01 -1.919797062873840332e-02 9.988908767700195312e-01 -4.299284890294075012e-02 -4.906232833862304688e+00 7.005094289779663086e-01 4.412015154957771301e-02 7.122780084609985352e-01 6.947297668457031250e+01
7.028425931930541992e-01 -1.503627002239227295e-02 -7.111865282058715820e-01 -3.869255065917968750e+01 -2.087973989546298981e-02 9.989097118377685547e-01 -4.175423830747604370e-02 -5.057857990264892578e+00 7.110388875007629395e-01 4.419603943824768066e-02 7.017623186111450195e-01 7.105255889892578125e+01
6.926488280296325684e-01 -1.780251041054725647e-02 -7.210553288459777832e-01 -4.035157012939453125e+01 -2.147030085325241089e-02 9.987434148788452148e-01 -4.528295993804931641e-02 -5.214172840118408203e+00 7.209553718566894531e-01 4.684646055102348328e-02 6.913961768150329590e-01 7.262312316894531250e+01
6.824175119400024414e-01 -2.114368043839931488e-02 -7.306568026542663574e-01 -4.204713058471679688e+01 -2.154098078608512878e-02 9.985656738281250000e-01 -4.901522025465965271e-02 -5.369496822357177734e+00 7.306451797485351562e-01 4.918789863586425781e-02 6.809833049774169922e-01 7.418462371826171875e+01
6.722415089607238770e-01 -2.004618011415004730e-02 -7.400605082511901855e-01 -4.378384017944335938e+01 -2.098920010030269623e-02 9.987154006958007812e-01 -4.611818864941596985e-02 -5.527046203613281250e+00 7.400342822074890137e-01 4.653583094477653503e-02 6.709572076797485352e-01 7.573564147949218750e+01
6.622092723846435547e-01 -2.216481044888496399e-02 -7.489910721778869629e-01 -4.553829956054687500e+01 -1.912889070808887482e-02 9.987366199493408203e-01 -4.646803066134452820e-02 -5.677124023437500000e+00 7.490748167037963867e-01 4.509891942143440247e-02 6.609485745429992676e-01 7.727778625488281250e+01
6.537986993789672852e-01 -2.382555045187473297e-02 -7.562932968139648438e-01 -4.733404159545898438e+01 -1.710334047675132751e-02 9.987834095954895020e-01 -4.625017940998077393e-02 -5.824834823608398438e+00 7.564752101898193359e-01 4.317343980073928833e-02 6.525958180427551270e-01 7.882482147216796875e+01
6.455088257789611816e-01 -3.066921047866344452e-02 -7.631368041038513184e-01 -4.915219879150390625e+01 -1.116925012320280075e-02 9.987074732780456543e-01 -4.958406090736389160e-02 -5.978524208068847656e+00 7.636711001396179199e-01 4.053061082959175110e-02 6.443319916725158691e-01 8.036126708984375000e+01
6.339647769927978516e-01 -3.935731947422027588e-02 -7.723597884178161621e-01 -5.100162124633789062e+01 -1.638042042031884193e-03 9.986336231231689453e-01 -5.223214998841285706e-02 -6.153398990631103516e+00 7.733601927757263184e-01 3.437849879264831543e-02 6.330341100692749023e-01 8.189058685302734375e+01
6.162967085838317871e-01 -4.426734149456024170e-02 -7.862688899040222168e-01 -5.289569854736328125e+01 6.310455966740846634e-03 9.986643791198730469e-01 -5.127903074026107788e-02 -6.326821804046630859e+00 7.874888181686401367e-01 2.664138004183769226e-02 6.157529950141906738e-01 8.339659118652343750e+01
5.981987714767456055e-01 -4.203975945711135864e-02 -8.002442121505737305e-01 -5.484867095947265625e+01 6.320427171885967255e-03 9.988393783569335938e-01 -4.774805158376693726e-02 -6.495943069458007812e+00 8.013228178024291992e-01 2.350495010614395142e-02 5.977702736854553223e-01 8.486187744140625000e+01
5.784770250320434570e-01 -4.577276855707168579e-02 -8.144134283065795898e-01 -5.684458160400390625e+01 6.190302781760692596e-03 9.986419081687927246e-01 -5.173007026314735413e-02 -6.660711765289306641e+00 8.156751990318298340e-01 2.488319016993045807e-02 5.779746770858764648e-01 8.628486633300781250e+01
5.581986904144287109e-01 -4.826768860220909119e-02 -8.283022046089172363e-01 -5.888092041015625000e+01 8.995736017823219299e-03 9.985998272895812988e-01 -5.212917178869247437e-02 -6.837334156036376953e+00 8.296586275100708008e-01 2.164725027978420258e-02 5.578513145446777344e-01 8.767629241943359375e+01
5.371294021606445312e-01 -4.842118918895721436e-02 -8.421089053153991699e-01 -6.096414947509765625e+01 1.073061022907495499e-02 9.986624121665954590e-01 -5.057862028479576111e-02 -7.015079021453857422e+00 8.434315919876098633e-01 1.813092082738876343e-02 5.369306206703186035e-01 8.902720642089843750e+01
5.164917111396789551e-01 -5.044851824641227722e-02 -8.548048138618469238e-01 -6.309537887573242188e+01 8.987047709524631500e-03 9.985274076461791992e-01 -5.350051820278167725e-02 -7.192800045013427734e+00 8.562449812889099121e-01 1.995041035115718842e-02 5.161845088005065918e-01 9.032891082763671875e+01
4.966545999050140381e-01 -5.105676129460334778e-02 -8.664453029632568359e-01 -6.526817321777343750e+01 6.786521058529615402e-03 9.984661936759948730e-01 -5.494622886180877686e-02 -7.374807834625244141e+00 8.679218292236328125e-01 2.140915021300315857e-02 4.962393045425415039e-01 9.158512115478515625e+01
4.796068966388702393e-01 -4.700544103980064392e-02 -8.762235045433044434e-01 -6.748665618896484375e+01 6.149553228169679642e-03 9.987196922302246094e-01 -5.021081864833831787e-02 -7.555185794830322266e+00 8.774620294570922852e-01 1.869307085871696472e-02 4.792819023132324219e-01 9.280937957763671875e+01
4.642322063446044922e-01 -5.055978149175643921e-02 -8.842692971229553223e-01 -6.972869873046875000e+01 8.322060108184814453e-03 9.985743165016174316e-01 -5.272639915347099304e-02 -7.731317043304443359e+00 8.856744766235351562e-01 1.711834967136383057e-02 4.639911055564880371e-01 9.399874114990234375e+01
4.508576989173889160e-01 -5.668127164244651794e-02 -8.907942771911621094e-01 -7.199156951904296875e+01 1.202785968780517578e-02 9.982768893241882324e-01 -5.743274092674255371e-02 -7.914146900177001953e+00 8.925148248672485352e-01 1.517963968217372894e-02 4.507625997066497803e-01 9.515809631347656250e+01
4.404362142086029053e-01 -6.118294969201087952e-02 -8.956966996192932129e-01 -7.426251220703125000e+01 1.648405939340591431e-02 9.980580806732177734e-01 -6.006940826773643494e-02 -8.110093116760253906e+00 8.976325988769531250e-01 1.169203035533428192e-02 4.405894875526428223e-01 9.628810882568359375e+01
4.322134852409362793e-01 -5.653956905007362366e-02 -8.999971151351928711e-01 -7.658014678955078125e+01 2.112312987446784973e-02 9.983934164047241211e-01 -5.257688835263252258e-02 -8.308009147644042969e+00 9.015238881111145020e-01 3.713690908625721931e-03 4.327133893966674805e-01 9.741509246826171875e+01
4.259122014045715332e-01 -5.624384060502052307e-02 -9.030146002769470215e-01 -7.880715942382812500e+01 2.445442043244838715e-02 9.984169006347656250e-01 -5.065187066793441772e-02 -8.486977577209472656e+00 9.044340252876281738e-01 -5.094443913549184799e-04 4.266133904457092285e-01 9.847550964355468750e+01
4.209215044975280762e-01 -5.420602858066558838e-02 -9.054759740829467773e-01 -8.106305694580078125e+01 2.773443982005119324e-02 9.985153079032897949e-01 -4.688312113285064697e-02 -8.661986351013183594e+00 9.066730141639709473e-01 -5.378750152885913849e-03 4.217998981475830078e-01 9.953295135498046875e+01
4.160302877426147461e-01 -5.553146079182624817e-02 -9.076536297798156738e-01 -8.328005981445312500e+01 3.246276080608367920e-02 9.984043836593627930e-01 -4.620416089892387390e-02 -8.827999114990234375e+00 9.087710976600646973e-01 -1.024259999394416809e-02 4.171692132949829102e-01 1.005626983642578125e+02
4.112316966056823730e-01 -5.406871065497398376e-02 -9.099258184432983398e-01 -8.546189117431640625e+01 3.750868886709213257e-02 9.983975291252136230e-01 -4.237413033843040466e-02 -8.996529579162597656e+00 9.107587933540344238e-01 -1.670452952384948730e-02 4.126006960868835449e-01 1.015535964965820312e+02
4.079197049140930176e-01 -5.622148886322975159e-02 -9.112852215766906738e-01 -8.762036895751953125e+01 4.108249023556709290e-02 9.982215762138366699e-01 -4.319522157311439514e-02 -9.149512290954589844e+00 9.120931029319763184e-01 -1.981767080724239349e-02 4.095039963722229004e-01 1.025091018676757812e+02
4.075927138328552246e-01 -5.795142054557800293e-02 -9.113230705261230469e-01 -8.974021911621093750e+01 4.017832875251770020e-02 9.981558918952941895e-01 -4.550325870513916016e-02 -9.305889129638671875e+00 9.122794866561889648e-01 -1.806863956153392792e-02 4.091694056987762451e-01 1.034281997680664062e+02
4.139153957366943359e-01 -5.777101963758468628e-02 -9.084802865982055664e-01 -9.182277679443359375e+01 3.564326837658882141e-02 9.982473850250244141e-01 -4.723985865712165833e-02 -9.462616920471191406e+00 9.096173048019409180e-01 -1.282790023833513260e-02 4.152491092681884766e-01 1.043271026611328125e+02
4.248597025871276855e-01 -5.821255967020988464e-02 -9.033855795860290527e-01 -9.387052917480468750e+01 3.328904137015342712e-02 9.982600212097167969e-01 -4.867035895586013794e-02 -9.609312057495117188e+00 9.046469926834106445e-01 -9.394763968884944916e-03 4.260582029819488525e-01 1.052556991577148438e+02
4.399853944778442383e-01 -5.549091845750808716e-02 -8.962888121604919434e-01 -9.588620758056640625e+01 3.065505996346473694e-02 9.984353184700012207e-01 -4.676654934883117676e-02 -9.749075889587402344e+00 8.974816203117370605e-01 -6.899179890751838684e-03 4.409981071949005127e-01 1.062164001464843750e+02
4.583542943000793457e-01 -5.470388010144233704e-02 -8.870844244956970215e-01 -9.786840057373046875e+01 2.959346026182174683e-02 9.984899163246154785e-01 -4.628306999802589417e-02 -9.886760711669921875e+00 8.882766962051391602e-01 -5.037849768996238708e-03 4.592810869216918945e-01 1.072110977172851562e+02
4.786921143531799316e-01 -5.678936094045639038e-02 -8.761442899703979492e-01 -9.980583190917968750e+01 2.678002975881099701e-02 9.983860254287719727e-01 -5.008117109537124634e-02 -1.002674961090087891e+01 8.775743842124938965e-01 5.102925933897495270e-04 4.794403016567230225e-01 1.082397994995117188e+02
5.023363828659057617e-01 -5.599002167582511902e-02 -8.628575801849365234e-01 -1.016995010375976562e+02 2.292462997138500214e-02 9.984129071235656738e-01 -5.143988132476806641e-02 -1.015565967559814453e+01 8.643683195114135742e-01 6.059440784156322479e-03 5.028226971626281738e-01 1.093330001831054688e+02
5.277748703956604004e-01 -5.081668123602867126e-02 -8.478627800941467285e-01 -1.035604019165039062e+02 2.039561048150062561e-02 9.986791014671325684e-01 -4.716007038950920105e-02 -1.027635955810546875e+01 8.491393923759460449e-01 7.597223855555057526e-03 5.281141996383666992e-01 1.104796981811523438e+02
5.512437820434570312e-01 -5.094885081052780151e-02 -8.327870965003967285e-01 -1.053784027099609375e+02 2.099405042827129364e-02 9.986647963523864746e-01 -4.720051959156990051e-02 -1.037734031677246094e+01 8.340799808502197266e-01 8.535419590771198273e-03 5.515773892402648926e-01 1.116592025756835938e+02
5.735172033309936523e-01 -5.312900990247726440e-02 -8.174688220024108887e-01 -1.071243972778320312e+02 2.315142937004566193e-02 9.985473155975341797e-01 -4.865517839789390564e-02 -1.048383998870849609e+01 8.188663125038146973e-01 8.979010395705699921e-03 5.739141106605529785e-01 1.128599014282226562e+02
5.951811075210571289e-01 -5.121603980660438538e-02 -8.019577860832214355e-01 -1.088155975341796875e+02 2.304136008024215698e-02 9.986441731452941895e-01 -4.667679965496063232e-02 -1.059967994689941406e+01 8.032612204551696777e-01 9.302958846092224121e-03 5.955542922019958496e-01 1.140873031616210938e+02
6.153476238250732422e-01 -4.667761176824569702e-02 -7.868726253509521484e-01 -1.104478988647460938e+02 2.193382009863853455e-02 9.988725185394287109e-01 -4.210092127323150635e-02 -1.071448993682861328e+01 7.879506945610046387e-01 8.647580631077289581e-03 6.156777143478393555e-01 1.153330001831054688e+02
6.352745890617370605e-01 -4.586128145456314087e-02 -7.709233760833740234e-01 -1.120215988159179688e+02 1.832672953605651855e-02 9.988492727279663086e-01 -4.431829974055290222e-02 -1.082744979858398438e+01 7.720689177513122559e-01 1.402578968554735184e-02 6.353840827941894531e-01 1.165904006958007812e+02
6.539294123649597168e-01 -4.355499148368835449e-02 -7.553008198738098145e-01 -1.135419998168945312e+02 1.795908994972705841e-02 9.989538192749023438e-01 -4.205669090151786804e-02 -1.094071960449218750e+01 7.563424110412597656e-01 1.393758971244096756e-02 6.540275216102600098e-01 1.178585968017578125e+02
6.711328029632568359e-01 -4.096189141273498535e-02 -7.402045726776123047e-01 -1.150149993896484375e+02 1.832210086286067963e-02 9.990838170051574707e-01 -3.867553174495697021e-02 -1.105074024200439453e+01 7.411106824874877930e-01 1.239430997520685196e-02 6.712685227394104004e-01 1.191326980590820312e+02
6.866300106048583984e-01 -3.934016078710556030e-02 -7.259418964385986328e-01 -1.164343032836914062e+02 1.654401049017906189e-02 9.991217851638793945e-01 -3.849618881940841675e-02 -1.115559005737304688e+01 7.268187999725341797e-01 1.442265044897794724e-02 6.866778135299682617e-01 1.204135971069335938e+02
7.019590139389038086e-01 -3.415441140532493591e-02 -7.113978862762451172e-01 -1.177904968261718750e+02 1.490303035825490952e-02 9.993352293968200684e-01 -3.327307105064392090e-02 -1.124260997772216797e+01 7.120614051818847656e-01 1.275434996932744980e-02 7.020013928413391113e-01 1.216884994506835938e+02
7.174646854400634766e-01 -3.178964182734489441e-02 -6.958690881729125977e-01 -1.190789031982421875e+02 1.320677995681762695e-02 9.993993043899536133e-01 -3.203928098082542419e-02 -1.132614040374755859e+01 6.964697241783142090e-01 1.379686035215854645e-02 7.174535989761352539e-01 1.229483032226562500e+02
7.348170876502990723e-01 -2.580782957375049591e-02 -6.777741909027099609e-01 -1.203050994873046875e+02 9.460200555622577667e-03 9.995685815811157227e-01 -2.780452929437160492e-02 -1.140579032897949219e+01 6.781994104385375977e-01 1.401935983449220657e-02 7.347441911697387695e-01 1.242109985351562500e+02
7.547534704208374023e-01 -2.039379999041557312e-02 -6.556913852691650391e-01 -1.214729003906250000e+02 6.117147859185934067e-03 9.996920228004455566e-01 -2.405183948576450348e-02 -1.147772026062011719e+01 6.559799909591674805e-01 1.414224971085786819e-02 7.546458244323730469e-01 1.255058975219726562e+02
7.746034264564514160e-01 -2.018035948276519775e-02 -6.321253180503845215e-01 -1.225640029907226562e+02 4.578039981424808502e-03 9.996435046195983887e-01 -2.630333974957466125e-02 -1.154304027557373047e+01 6.324307918548583984e-01 1.748076081275939941e-02 7.744196057319641113e-01 1.267938995361328125e+02
7.948393821716308594e-01 -1.834723912179470062e-02 -6.065424084663391113e-01 -1.236107025146484375e+02 4.025130067020654678e-03 9.996802210807800293e-01 -2.496453002095222473e-02 -1.160824966430664062e+01 6.068065166473388672e-01 1.740138046443462372e-02 7.946590781211853027e-01 1.281154022216796875e+02
8.148580789566040039e-01 -1.492356974631547928e-02 -5.794684290885925293e-01 -1.246090011596679688e+02 4.098955076187849045e-03 9.997919201850891113e-01 -1.998451910912990570e-02 -1.167018032073974609e+01 5.796459913253784180e-01 1.390932966023683548e-02 8.147497177124023438e-01 1.294644927978515625e+02
8.323699831962585449e-01 -1.296992041170597076e-02 -5.540686249732971191e-01 -1.255569000244140625e+02 5.316224880516529083e-03 9.998670220375061035e-01 -1.541890017688274384e-02 -1.173561000823974609e+01 5.541949272155761719e-01 9.888675995171070099e-03 8.323282003402709961e-01 1.308488006591796875e+02
8.464589118957519531e-01 -1.351565960794687271e-02 -5.322824120521545410e-01 -1.264555969238281250e+02 7.459735963493585587e-03 9.998806715011596680e-01 -1.352605968713760376e-02 -1.180813026428222656e+01 5.324018001556396484e-01 7.478572893887758255e-03 8.464587926864624023e-01 1.322592926025390625e+02
8.600177764892578125e-01 -1.100492011755704880e-02 -5.101454257965087891e-01 -1.273258972167968750e+02 5.286332219839096069e-03 9.999058842658996582e-01 -1.265824027359485626e-02 -1.186483001708984375e+01 5.102366805076599121e-01 8.189516142010688782e-03 8.599950075149536133e-01 1.336941986083984375e+02
8.723605871200561523e-01 -1.034369971603155136e-02 -4.887534976005554199e-01 -1.281661987304687500e+02 4.966989159584045410e-03 9.999120235443115234e-01 -1.229615043848752975e-02 -1.191790962219238281e+01 4.888376891613006592e-01 8.299043402075767517e-03 8.723353147506713867e-01 1.351627044677734375e+02
8.820099234580993652e-01 -1.260976027697324753e-02 -4.710620939731597900e-01 -1.289795989990234375e+02 6.856646854430437088e-03 9.998794794082641602e-01 -1.392726972699165344e-02 -1.195018005371093750e+01 4.711810052394866943e-01 9.054083377122879028e-03 8.819900751113891602e-01 1.366699066162109375e+02
8.887376785278320312e-01 -1.024148985743522644e-02 -4.583016037940979004e-01 -1.297991943359375000e+02 6.307207047939300537e-03 9.999288916587829590e-01 -1.011409983038902283e-02 -1.197618961334228516e+01 4.583725929260253906e-01 6.098181940615177155e-03 8.887392282485961914e-01 1.382214965820312500e+02
8.952692151069641113e-01 -3.109988057985901833e-03 -4.455147981643676758e-01 -1.306246948242187500e+02 2.152844099327921867e-03 9.999940991401672363e-01 -2.654446987435221672e-03 -1.199942970275878906e+01 4.455204904079437256e-01 1.417323015630245209e-03 8.952705860137939453e-01 1.398168029785156250e+02
9.018298983573913574e-01 1.265614992007613182e-03 -4.320893883705139160e-01 -1.314425964355468750e+02 -7.282271981239318848e-04 9.999986886978149414e-01 1.409146003425121307e-03 -1.201239967346191406e+01 4.320906996726989746e-01 -9.561480837874114513e-04 9.018297195434570312e-01 1.414622955322265625e+02
9.085699915885925293e-01 2.657663077116012573e-03 -4.177243113517761230e-01 -1.322539062500000000e+02 5.308222171152010560e-06 9.999796748161315918e-01 6.373661104589700699e-03 -1.201933002471923828e+01 4.177328050136566162e-01 -5.793130956590175629e-03 9.085515141487121582e-01 1.431679992675781250e+02
9.158194065093994141e-01 1.804681029170751572e-03 -4.015862941741943359e-01 -1.330538940429687500e+02 1.170634990558028221e-03 9.999735951423645020e-01 7.163401227444410324e-03 -1.202274036407470703e+01 4.015885889530181885e-01 -7.030488923192024231e-03 9.157931804656982422e-01 1.449288024902343750e+02
9.237461090087890625e-01 -2.419590018689632416e-03 -3.829978108406066895e-01 -1.338321990966796875e+02 4.893410950899124146e-03 9.999729990959167480e-01 5.485000088810920715e-03 -1.202503013610839844e+01 3.829742074012756348e-01 -6.940910127013921738e-03 9.237329959869384766e-01 1.467481994628906250e+02
9.333695173263549805e-01 -2.591908909380435944e-03 -3.589076101779937744e-01 -1.345894012451171875e+02 3.557207994163036346e-03 9.999915957450866699e-01 2.029220107942819595e-03 -1.203711986541748047e+01 3.588994145393371582e-01 -3.170717973262071609e-03 9.333708882331848145e-01 1.486264953613281250e+02
9.460788965225219727e-01 5.301931872963905334e-03 -3.238928020000457764e-01 -1.352859954833984375e+02 -3.340964904054999352e-03 9.999725222587585449e-01 6.610121112316846848e-03 -1.206099987030029297e+01 3.239189982414245605e-01 -5.171578843146562576e-03 9.460706710815429688e-01 1.505850982666015625e+02
9.592679142951965332e-01 1.008172985166311264e-02 -2.823179960250854492e-01 -1.359116058349609375e+02 -7.813792675733566284e-03 9.999275207519531250e-01 9.158056229352951050e-03 -1.207540988922119141e+01 2.823899090290069580e-01 -6.579052191227674484e-03 9.592772126197814941e-01 1.526125030517578125e+02
9.710369110107421875e-01 1.176226045936346054e-02 -2.386398017406463623e-01 -1.364468994140625000e+02 -9.009546600282192230e-03 9.998797178268432617e-01 1.262257993221282959e-02 -1.209323024749755859e+01 2.387596070766448975e-01 -1.010695006698369980e-02 9.710261225700378418e-01 1.547167053222656250e+02
9.809216260910034180e-01 1.570218987762928009e-02 -1.937686949968338013e-01 -1.369024047851562500e+02 -1.199638005346059799e-02 9.997223019599914551e-01 2.028362080454826355e-02 -1.209799957275390625e+01 1.940333992242813110e-01 -1.757211051881313324e-02 9.808375239372253418e-01 1.568856964111328125e+02
9.887446761131286621e-01 1.941421069204807281e-02 -1.483477056026458740e-01 -1.372666931152343750e+02 -1.602639071643352509e-02 9.995834827423095703e-01 2.399850077927112579e-02 -1.208864021301269531e+01 1.487518996000289917e-01 -2.135089971125125885e-02 9.886440038681030273e-01 1.591246032714843750e+02
9.943196177482604980e-01 1.834331080317497253e-02 -1.048429980874061584e-01 -1.375359954833984375e+02 -1.629397086799144745e-02 9.996597170829772949e-01 2.037012018263339996e-02 -1.206523990631103516e+01 1.051810011267662048e-01 -1.854610070586204529e-02 9.942800998687744141e-01 1.614248962402343750e+02
9.978083968162536621e-01 1.753761060535907745e-02 -6.380288302898406982e-02 -1.377162017822265625e+02 -1.601577922701835632e-02 9.995766878128051758e-01 2.428576909005641937e-02 -1.203633975982666016e+01 6.420178711414337158e-02 -2.321068942546844482e-02 9.976670145988464355e-01 1.637971954345703125e+02
9.995660781860351562e-01 1.896885037422180176e-02 -2.253503911197185516e-02 -1.378014984130859375e+02 -1.838245987892150879e-02 9.994941949844360352e-01 2.594958990812301636e-02 -1.199946975708007812e+01 2.301587909460067749e-02 -2.552407048642635345e-02 9.994091987609863281e-01 1.662283020019531250e+02
9.995868206024169922e-01 2.149295993149280548e-02 1.908533088862895966e-02 -1.377975006103515625e+02 -2.198172919452190399e-02 9.994258880615234375e-01 2.577997930347919464e-02 -1.197241020202636719e+01 -1.852029003202915192e-02 -2.618885971605777740e-02 9.994853734970092773e-01 1.686920013427734375e+02
9.979830980300903320e-01 2.273206971585750580e-02 5.927054956555366516e-02 -1.376930999755859375e+02 -2.408568933606147766e-02 9.994627833366394043e-01 2.222440950572490692e-02 -1.195174026489257812e+01 -5.873350054025650024e-02 -2.360716089606285095e-02 9.979944825172424316e-01 1.711903076171875000e+02
9.948688149452209473e-01 2.493686042726039886e-02 9.805253148078918457e-02 -1.374875946044921875e+02 -2.683259919285774231e-02 9.994766712188720703e-01 1.806282065808773041e-02 -1.193708992004394531e+01 -9.755080193281173706e-02 -2.060114033520221710e-02 9.950172901153564453e-01 1.737397003173828125e+02
9.903386831283569336e-01 2.628985978662967682e-02 1.361549049615859985e-01 -1.371759948730468750e+02 -2.785917930305004120e-02 9.995654225349426270e-01 9.633054025471210480e-03 -1.195028972625732422e+01 -1.358423978090286255e-01 -1.333315018564462662e-02 9.906406998634338379e-01 1.763072967529296875e+02
9.846193790435791016e-01 2.980309911072254181e-02 1.721525937318801880e-01 -1.367646026611328125e+02 -2.985779941082000732e-02 9.995514750480651855e-01 -2.272269921377301216e-03 -1.198375988006591797e+01 -1.721431016921997070e-01 -2.902776002883911133e-03 9.850677251815795898e-01 1.789113006591796875e+02
9.775738120079040527e-01 3.435102105140686035e-02 2.077728062868118286e-01 -1.362572937011718750e+02 -3.311603143811225891e-02 9.994071125984191895e-01 -9.420407004654407501e-03 -1.204257965087890625e+01 -2.079731971025466919e-01 2.328532980754971504e-03 9.781317710876464844e-01 1.815451965332031250e+02
9.695096015930175781e-01 3.317081183195114136e-02 2.427980005741119385e-01 -1.356392974853515625e+02 -3.189333900809288025e-02 9.994490146636962891e-01 -9.191359393298625946e-03 -1.212331008911132812e+01 -2.429690957069396973e-01 1.167473034001886845e-03 9.700332880020141602e-01 1.842187957763671875e+02
9.605563879013061523e-01 3.338091820478439331e-02 2.760745882987976074e-01 -1.349210052490234375e+02 -2.919312007725238800e-02 9.993880987167358398e-01 -1.926603913307189941e-02 -1.221522998809814453e+01 -2.765488028526306152e-01 1.044663041830062866e-02 9.609431028366088867e-01 1.868878936767578125e+02
9.499691128730773926e-01 3.789933025836944580e-02 3.100360929965972900e-01 -1.341175994873046875e+02 -3.345718979835510254e-02 9.992471933364868164e-01 -1.963485963642597198e-02 -1.231567001342773438e+01 -3.105467855930328369e-01 8.279573172330856323e-03 9.505220055580139160e-01 1.895769042968750000e+02
9.377303123474121094e-01 4.257239028811454773e-02 3.447456061840057373e-01 -1.332044982910156250e+02 -3.559667989611625671e-02 9.990137219429016113e-01 -2.654225938022136688e-02 -1.241574954986572266e+01 -3.455354869365692139e-01 1.261768955737352371e-02 9.383208751678466797e-01 1.922714996337890625e+02
9.243962168693542480e-01 4.415322095155715942e-02 3.788697123527526855e-01 -1.321764068603515625e+02 -3.402955085039138794e-02 9.988632202148437500e-01 -3.337891027331352234e-02 -1.253917980194091797e+01 -3.799127936363220215e-01 1.796256937086582184e-02 9.248479008674621582e-01 1.949674987792968750e+02
9.070640802383422852e-01 4.999737814068794250e-02 4.180130958557128906e-01 -1.310346069335937500e+02 -3.485336899757385254e-02 9.984325766563415527e-01 -4.378997161984443665e-02 -1.269470977783203125e+01 -4.195472896099090576e-01 2.515113912522792816e-02 9.073849916458129883e-01 1.976473999023437500e+02
