1.000000000000000000e+00 1.197624985294076794e-11 1.704637958566124212e-10 1.665334933984428836e-16 1.197624985294076794e-11 1.000000000000000000e+00 3.562503070320133247e-10 -1.110223024625156540e-16 1.704637958566124212e-10 3.562503070320133247e-10 1.000000000000000000e+00 2.220446049250313081e-16
9.993410706520080566e-01 4.139270167797803879e-03 3.605873137712478638e-02 3.021791018545627594e-02 -4.118322860449552536e-03 9.999912977218627930e-01 -6.552072009071707726e-04 9.791738120838999748e-04 -3.606113046407699585e-02 5.062745185568928719e-04 9.993494749069213867e-01 2.686229944229125977e-01
9.953526854515075684e-01 5.411576945334672928e-03 9.614398330450057983e-02 1.050408035516738892e-01 -5.718903150409460068e-03 9.999793767929077148e-01 2.921235980466008186e-03 3.322381060570478439e-03 -9.612619131803512573e-02 -3.457497106865048409e-03 9.953631758689880371e-01 6.034613251686096191e-01
9.848812222480773926e-01 -8.797585032880306244e-04 1.732288002967834473e-01 2.401943057775497437e-01 -1.148614028352312744e-04 9.999834895133972168e-01 5.731548182666301727e-03 7.625041995197534561e-03 -1.732310056686401367e-01 -5.664790049195289612e-03 9.848648905754089355e-01 9.812570810317993164e-01
9.644808173179626465e-01 -1.175211975350975990e-03 2.641504108905792236e-01 4.170053899288177490e-01 -1.347062992863357067e-03 9.999551773071289062e-01 9.367301128804683685e-03 1.474469993263483047e-02 -2.641496062278747559e-01 -9.390408173203468323e-03 9.644359946250915527e-01 1.399472951889038086e+00
9.333565235137939453e-01 -1.416071970015764236e-02 3.586713969707489014e-01 6.772189140319824219e-01 5.593754816800355911e-03 9.996740221977233887e-01 2.491175942122936249e-02 1.304236985743045807e-02 -3.589071929454803467e-01 -2.124522998929023743e-02 9.331313967704772949e-01 1.841928005218505859e+00
8.872656226158142090e-01 -2.177657000720500946e-02 4.607445001602172852e-01 9.991018176078796387e-01 7.355619221925735474e-03 9.994258880615234375e-01 3.307187184691429138e-02 1.908195950090885162e-02 -4.612002074718475342e-01 -2.595447003841400146e-02 8.869163990020751953e-01 2.286905050277709961e+00
8.270453214645385742e-01 -2.918260917067527771e-02 5.613772869110107422e-01 1.399778008460998535e+00 6.631357129663228989e-03 9.990885257720947266e-01 4.216697067022323608e-02 3.070195950567722321e-02 -5.620961785316467285e-01 -3.115130029618740082e-02 8.264849781990051270e-01 2.733366966247558594e+00
7.532743811607360840e-01 -3.928513079881668091e-02 6.565321087837219238e-01 1.890112042427062988e+00 9.846352040767669678e-03 9.987761974334716797e-01 4.846687987446784973e-02 4.599883034825325012e-02 -6.576327085494995117e-01 -3.004439920186996460e-02 7.527394294738769531e-01 3.160521030426025391e+00
6.716420054435729980e-01 -4.460763186216354370e-02 7.395316958427429199e-01 2.465897083282470703e+00 1.077426038682460785e-02 9.986683130264282227e-01 5.045326054096221924e-02 7.581132650375366211e-02 -7.407975196838378906e-01 -2.591861970722675323e-02 6.712281703948974609e-01 3.579896926879882812e+00
5.870428085327148438e-01 -4.577422142028808594e-02 8.082607984542846680e-01 3.131896972656250000e+00 3.200808074325323105e-03 9.985235929489135742e-01 5.422462150454521179e-02 1.077990978956222534e-01 -8.095496296882629395e-01 -2.924508042633533478e-02 5.863226056098937988e-01 4.000366210937500000e+00
5.079969167709350586e-01 -4.952766001224517822e-02 8.599337935447692871e-01 3.909356117248535156e+00 3.120506880804896355e-04 9.983559846878051758e-01 5.731571838259696960e-02 1.392365992069244385e-01 -8.613588809967041016e-01 -2.884786017239093781e-02 5.071771740913391113e-01 4.402126789093017578e+00
4.341107010841369629e-01 -4.876219108700752258e-02 8.995388150215148926e-01 4.794196128845214844e+00 -3.833407070487737656e-03 9.984248876571655273e-01 5.597259104251861572e-02 1.775272041559219360e-01 -9.008514285087585449e-01 -2.774659916758537292e-02 4.332399964332580566e-01 4.791822910308837891e+00
3.705132901668548584e-01 -4.579345136880874634e-02 9.276975989341735840e-01 5.789742946624755859e+00 -3.407335898373275995e-04 9.987770915031433105e-01 4.943820089101791382e-02 2.220149040222167969e-01 -9.288271069526672363e-01 -1.863360963761806488e-02 3.700445890426635742e-01 5.152037143707275391e+00
3.239119052886962891e-01 -4.320487007498741150e-02 9.451001882553100586e-01 6.895351886749267578e+00 2.240031957626342773e-03 9.989889264106750488e-01 4.490065947175025940e-02 2.686406075954437256e-01 -9.460846185684204102e-01 -1.242680009454488754e-02 3.236812055110931396e-01 5.510972976684570312e+00
2.971358001232147217e-01 -4.535062983632087708e-02 9.537575840950012207e-01 8.109243392944335938e+00 4.506656900048255920e-03 9.989268779754638672e-01 4.609439894556999207e-02 3.131206035614013672e-01 -9.548246264457702637e-01 -9.398037567734718323e-03 2.970212996006011963e-01 5.878027915954589844e+00
2.755821943283081055e-01 -4.911160841584205627e-02 9.600220918655395508e-01 9.421853065490722656e+00 1.669366960413753986e-03 9.987170100212097168e-01 5.061190947890281677e-02 3.626882135868072510e-01 -9.612761139869689941e-01 -1.234511006623506546e-02 2.753106057643890381e-01 6.260272979736328125e+00
2.552866041660308838e-01 -5.276706814765930176e-02 9.654244780540466309e-01 1.082596969604492188e+01 -1.024058001348748803e-04 9.985080957412719727e-01 5.460241064429283142e-02 4.193165004253387451e-01 -9.668654799461364746e-01 -1.403812970966100693e-02 2.549003064632415771e-01 6.636982917785644531e+00
2.344779074192047119e-01 -5.557489022612571716e-02 9.705315828323364258e-01 1.231145954132080078e+01 -2.675057912711054087e-04 9.983608126640319824e-01 5.723309144377708435e-02 4.861179888248443604e-01 -9.721214771270751953e-01 -1.367952022701501846e-02 2.340787053108215332e-01 7.000760078430175781e+00
2.126916050910949707e-01 -6.187357008457183838e-02 9.751583933830261230e-01 1.386203002929687500e+01 -3.499255981296300888e-03 9.979385137557983398e-01 6.408219039440155029e-02 5.631455183029174805e-01 -9.771131277084350586e-01 -1.704207062721252441e-02 2.120366990566253662e-01 7.350289821624755859e+00
1.876917034387588501e-01 -6.885220110416412354e-02 9.798117876052856445e-01 1.544431018829345703e+01 -5.479794926941394806e-03 9.974511861801147461e-01 7.114143669605255127e-02 6.443426012992858887e-01 -9.822127223014831543e-01 -1.872182078659534454e-02 1.868360042572021484e-01 7.663695812225341797e+00
1.593308001756668091e-01 -6.850007176399230957e-02 9.848458766937255859e-01 1.704598999023437500e+01 -7.306808140128850937e-03 9.974806904792785645e-01 7.056099921464920044e-02 7.272439002990722656e-01 -9.871981739997863770e-01 -1.843862049281597137e-02 1.584289073944091797e-01 7.933465957641601562e+00
1.227354034781455994e-01 -6.585881114006042480e-02 9.902517795562744141e-01 1.867272949218750000e+01 -1.036798954010009766e-02 9.976561069488525391e-01 6.763631105422973633e-02 8.064538836479187012e-01 -9.923853278160095215e-01 -1.856829039752483368e-02 1.217648983001708984e-01 8.147356033325195312e+00
6.770294159650802612e-02 -6.432262063026428223e-02 9.956299066543579102e-01 2.032201004028320312e+01 -1.914778910577297211e-02 9.976519942283630371e-01 6.575532257556915283e-02 8.850077986717224121e-01 -9.975218176841735840e-01 -2.351593039929866791e-02 6.631234288215637207e-02 8.284769058227539062e+00
5.546900210902094841e-04 -6.357690691947937012e-02 9.979767799377441406e-01 2.199271965026855469e+01 -2.432321012020111084e-02 9.976807832717895508e-01 6.357157975435256958e-02 9.585630297660827637e-01 -9.997040033340454102e-01 -2.430926077067852020e-02 -9.929930092766880989e-04 8.306306838989257812e+00
-6.618835777044296265e-02 -6.032881885766983032e-02 9.959816932678222656e-01 2.366830062866210938e+01 -2.699711918830871582e-02 9.979134202003479004e-01 5.865173041820526123e-02 1.025645971298217773e+00 -9.974418878555297852e-01 -2.300656959414482117e-02 -6.767895817756652832e-02 8.211107254028320312e+00
-1.309164017438888550e-01 -5.342831090092658997e-02 9.899526834487915039e-01 2.533863067626953125e+01 -2.760770916938781738e-02 9.983559846878051758e-01 5.023086816072463989e-02 1.084174990653991699e+00 -9.910089969635009766e-01 -2.075427956879138947e-02 -1.321762055158615112e-01 8.006448745727539062e+00
-1.929807066917419434e-01 -4.087264090776443481e-02 9.803509116172790527e-01 2.699155044555664062e+01 -1.639379933476448059e-02 9.991267919540405273e-01 3.842835128307342529e-02 1.128260970115661621e+00 -9.810655713081359863e-01 -8.655743673443794250e-03 -1.934822946786880493e-01 7.679835796356201172e+00
-2.497957944869995117e-01 -2.943697944283485413e-02 9.678509831428527832e-01 2.863097000122070312e+01 -2.214568899944424629e-03 9.995524883270263672e-01 2.982961013913154602e-02 1.152060985565185547e+00 -9.682959914207458496e-01 5.307937040925025940e-03 -2.497493028640747070e-01 7.246691226959228516e+00
-3.015542030334472656e-01 -4.619936924427747726e-03 9.534378051757812500e-01 3.023007011413574219e+01 8.514457382261753082e-03 9.999353289604187012e-01 7.538198959082365036e-03 1.146023035049438477e+00 -9.534111022949218750e-01 1.039118040353059769e-02 -3.014953136444091797e-01 6.731675148010253906e+00
-3.514699935913085938e-01 2.863449044525623322e-02 9.357610940933227539e-01 3.178303909301757812e+01 9.904458187520503998e-03 9.995899200439453125e-01 -2.686759084463119507e-02 1.108613967895507812e+00 -9.361467957496643066e-01 -1.749435032252222300e-04 -3.516094088554382324e-01 6.157691955566406250e+00
-3.998265862464904785e-01 4.341498017311096191e-02 9.155619740486145020e-01 3.331008911132812500e+01 1.623309031128883362e-02 9.990562796592712402e-01 -4.028519988059997559e-02 1.026378035545349121e+00 -9.164471030235290527e-01 -1.244695042259991169e-03 -4.001541137695312500e-01 5.495462894439697266e+00
-4.426797032356262207e-01 3.912393003702163696e-02 8.958259224891662598e-01 3.480410003662109375e+01 2.306832000613212585e-02 9.992138743400573730e-01 -3.223986923694610596e-02 9.319900870323181152e-01 -8.963831067085266113e-01 6.393258925527334213e-03 -4.432342946529388428e-01 4.758143901824951172e+00
-4.745911061763763428e-01 3.835757076740264893e-02 8.793702125549316406e-01 3.624908828735351562e+01 3.368185833096504211e-02 9.991096854209899902e-01 -2.540262974798679352e-02 8.426907062530517578e-01 -8.795617222785949707e-01 1.756295934319496155e-02 -4.754605889320373535e-01 3.963231086730957031e+00
-4.957197904586791992e-01 4.472548887133598328e-02 8.673300743103027344e-01 3.764822006225585938e+01 3.863947093486785889e-02 9.988200068473815918e-01 -2.942175976932048798e-02 7.630242705345153809e-01 -8.676226139068603516e-01 1.892822049558162689e-02 -4.968630075454711914e-01 3.157984972000122070e+00
-5.178818106651306152e-01 4.212198033928871155e-02 8.544145226478576660e-01 3.902883911132812500e+01 3.066636063158512115e-02 9.990590810775756836e-01 -3.066523000597953796e-02 6.757534742355346680e-01 -8.549023866653442383e-01 1.032080966979265213e-02 -5.186862945556640625e-01 2.346023082733154297e+00
-5.337535142898559570e-01 4.751282185316085815e-02 8.443043231964111328e-01 4.038700103759765625e+01 3.698338940739631653e-02 9.987766146659851074e-01 -3.282548114657402039e-02 5.915961265563964844e-01 -8.448309898376464844e-01 1.370451040565967560e-02 -5.348576903343200684e-01 1.476583957672119141e+00
-5.375854969024658203e-01 5.280508846044540405e-02 8.415542244911193848e-01 4.178414916992187500e+01 3.775591030716896057e-02 9.985436201095581055e-01 -3.853724151849746704e-02 5.077496170997619629e-01 -8.423634767532348633e-01 1.105657033622264862e-02 -5.387963056564331055e-01 5.810905098915100098e-01
-5.288196802139282227e-01 5.163411051034927368e-02 8.471621274948120117e-01 4.325223922729492188e+01 3.804206103086471558e-02 9.985865950584411621e-01 -3.711656853556632996e-02 4.157685041427612305e-01 -8.478811979293823242e-01 1.259982027113437653e-02 -5.300365090370178223e-01 -3.378365039825439453e-01
-5.150920748710632324e-01 5.001533031463623047e-02 8.556743264198303223e-01 4.479846954345703125e+01 3.429061174392700195e-02 9.986993074417114258e-01 -3.773336857557296753e-02 3.229204118251800537e-01 -8.564487099647521973e-01 9.905425831675529480e-03 -5.161371827125549316e-01 -1.255568981170654297e+00
-5.044189095497131348e-01 4.647981002926826477e-02 8.622071743011474609e-01 4.641670989990234375e+01 2.735822089016437531e-02 9.989091157913208008e-01 -3.784371167421340942e-02 2.251199036836624146e-01 -8.630256056785583496e-01 4.499375820159912109e-03 -5.051401853561401367e-01 -2.182612895965576172e+00
-5.033481121063232422e-01 4.071246832609176636e-02 8.631240725517272949e-01 4.810243988037109375e+01 1.953135989606380463e-02 9.991701841354370117e-01 -3.573950007557868958e-02 1.191937029361724854e-01 -8.638629913330078125e-01 -1.131428056396543980e-03 -5.037257075309753418e-01 -3.132580041885375977e+00
-5.048516988754272461e-01 3.860669955611228943e-02 8.623422980308532715e-01 4.982912826538085938e+01 1.791862025856971741e-02 9.992527961730957031e-01 -3.424581885337829590e-02 1.543395034968852997e-02 -8.630201220512390137e-01 -1.837074989452958107e-03 -5.051662921905517578e-01 -4.119797229766845703e+00
-5.050733089447021484e-01 3.726613894104957581e-02 8.622714877128601074e-01 5.160092163085937500e+01 1.804432086646556854e-02 9.993048906326293945e-01 -3.261912986636161804e-02 -8.461152017116546631e-02 -8.628877997398376465e-01 -9.159473120234906673e-04 -5.053946971893310547e-01 -5.138526916503906250e+00
-5.053926110267639160e-01 3.521009907126426697e-02 8.621708154678344727e-01 5.339937973022460938e+01 1.608034968376159668e-02 9.993779063224792480e-01 -3.138741850852966309e-02 -1.889422982931137085e-01 -8.627396821975708008e-01 -1.998966094106435776e-03 -5.056443810462951660e-01 -6.170360088348388672e+00
-5.048319101333618164e-01 3.357889875769615173e-02 8.625643253326416016e-01 5.519749832153320312e+01 1.438190042972564697e-02 9.994316101074218750e-01 -3.048977069556713104e-02 -2.987033128738403320e-01 -8.630979061126708984e-01 -2.986897947266697884e-03 -5.050278902053833008e-01 -7.201417922973632812e+00
-5.016360282897949219e-01 2.992057055234909058e-02 8.645612001419067383e-01 5.699227142333984375e+01 1.431069988757371902e-02 9.995518922805786133e-01 -2.628895081579685211e-02 -4.067709147930145264e-01 -8.649604916572570801e-01 -8.150145877152681351e-04 -5.018393993377685547e-01 -8.225644111633300781e+00
-4.969069063663482666e-01 2.798480913043022156e-02 8.673524856567382812e-01 5.878293991088867188e+01 1.489234995096921921e-02 9.996076822280883789e-01 -2.372015081346035004e-02 -5.090484023094177246e-01 -8.676760792732238770e-01 1.130206976085901260e-03 -4.971286952495574951e-01 -9.236702919006347656e+00
-4.938510954380035400e-01 2.886036969721317291e-02 8.690673708915710449e-01 6.056829833984375000e+01 1.538353972136974335e-02 9.995825886726379395e-01 -2.445282973349094391e-02 -6.093983054161071777e-01 -8.694103956222534180e-01 1.293277950026094913e-03 -4.940888881683349609e-01 -1.023717975616455078e+01
-4.972169995307922363e-01 3.192219138145446777e-02 8.670387864112854004e-01 6.233531951904296875e+01 1.346886996179819107e-02 9.994865059852600098e-01 -2.907467074692249298e-02 -7.144473791122436523e-01 -8.675217032432556152e-01 -2.778388094156980515e-03 -4.973916113376617432e-01 -1.122461032867431641e+01
-5.070402026176452637e-01 3.135649859905242920e-02 8.613519072532653809e-01 6.407972717285156250e+01 1.295155007392168045e-02 9.995024204254150391e-01 -2.876169979572296143e-02 -8.195838928222656250e-01 -8.618252277374267578e-01 -3.427495015785098076e-03 -5.071939826011657715e-01 -1.222484970092773438e+01
-5.177335143089294434e-01 2.656506001949310303e-02 8.551294207572937012e-01 6.579473114013671875e+01 1.185190957039594650e-02 9.996445775032043457e-01 -2.387884072959423065e-02 -9.282032847404479980e-01 -8.554599285125732422e-01 -2.227958990260958672e-03 -5.178642868995666504e-01 -1.324559020996093750e+01
-5.274221897125244141e-01 3.189323097467422485e-02 8.490045070648193359e-01 6.747268676757812500e+01 1.432572957128286362e-02 9.994869232177734375e-01 -2.864670008420944214e-02 -1.033058047294616699e+00 -8.494825959205627441e-01 -2.946299035102128983e-03 -5.276085138320922852e-01 -1.427377986907958984e+01
-5.360907912254333496e-01 3.225966170430183411e-02 8.435437083244323730e-01 6.913168334960937500e+01 1.171100977808237076e-02 9.994575977325439453e-01 -3.077968023717403412e-02 -1.141060948371887207e+00 -8.440790772438049316e-01 -6.621956825256347656e-03 -5.361778140068054199e-01 -1.530805969238281250e+01
-5.418385267257690430e-01 2.556549012660980225e-02 8.400936722755432129e-01 7.077487182617187500e+01 1.359324995428323746e-02 9.996731281280517578e-01 -2.165447920560836792e-02 -1.238525986671447754e+00 -8.403726816177368164e-01 -3.136270970571786165e-04 -5.420088768005371094e-01 -1.635927963256835938e+01
-5.457262992858886719e-01 1.194765046238899231e-02 8.378782868385314941e-01 7.240885925292968750e+01 1.266239956021308899e-02 9.999017119407653809e-01 -6.010749842971563339e-03 -1.318045020103454590e+00 -8.378677964210510254e-01 7.329322863370180130e-03 -5.458239912986755371e-01 -1.741131019592285156e+01
-5.478065013885498047e-01 2.543604932725429535e-02 8.362182974815368652e-01 7.399928283691406250e+01 1.563674025237560272e-02 9.996743798255920410e-01 -2.016443945467472076e-02 -1.391230940818786621e+00 -8.364589214324951172e-01 2.029515104368329048e-03 -5.480259060859680176e-01 -1.845100975036621094e+01
-5.479915738105773926e-01 3.041695058345794678e-02 8.359305858612060547e-01 7.558518218994140625e+01 2.480583079159259796e-02 9.994900226593017578e-01 -2.010701037943363190e-02 -1.475622057914733887e+00 -8.361160159111022949e-01 9.717476554214954376e-03 -5.484666228294372559e-01 -1.950011062622070312e+01
-5.467379093170166016e-01 2.340864017605781555e-02 8.369765281677246094e-01 7.717765808105468750e+01 2.306229993700981140e-02 9.996508955955505371e-01 -1.289336010813713074e-02 -1.553838968276977539e+00 -8.369861245155334473e-01 1.225330960005521774e-02 -5.470868945121765137e-01 -2.053358078002929688e+01
-5.455092191696166992e-01 1.006164960563182831e-02 8.380444049835205078e-01 7.877335357666015625e+01 1.161549985408782959e-02 9.999225735664367676e-01 -4.444297868758440018e-03 -1.622925996780395508e+00 -8.380243778228759766e-01 7.309897802770137787e-03 -5.455839037895202637e-01 -2.154511070251464844e+01
-5.420740246772766113e-01 5.488406866788864136e-03 8.403127789497375488e-01 8.035974884033203125e+01 6.576327141374349594e-03 9.999756813049316406e-01 -2.288938034325838089e-03 -1.672575950622558594e+00 -8.403050899505615234e-01 4.285396076738834381e-03 -5.420969128608703613e-01 -2.255002975463867188e+01
-5.339357256889343262e-01 1.250466983765363693e-02 8.454325795173645020e-01 8.193166351318359375e+01 1.321293972432613373e-02 9.998918771743774414e-01 -6.444586906582117081e-03 -1.723703980445861816e+00 -8.454219102859497070e-01 7.729654200375080109e-03 -5.340431928634643555e-01 -2.355204010009765625e+01
-5.181164145469665527e-01 1.686559990048408508e-02 8.551437854766845703e-01 8.351715087890625000e+01 2.586391940712928772e-02 9.996572732925415039e-01 -4.045287147164344788e-03 -1.770218014717102051e+00 -8.549190163612365723e-01 2.002144046127796173e-02 -5.183750987052917480e-01 -2.453507041931152344e+01
-4.974732995033264160e-01 1.516479998826980591e-02 8.673467040061950684e-01 8.513088989257812500e+01 2.234398014843463898e-02 9.997394084930419922e-01 -4.664015956223011017e-03 -1.805752992630004883e+00 -8.671914935111999512e-01 1.705975085496902466e-02 -4.976825118064880371e-01 -2.545723915100097656e+01
-4.747079908847808838e-01 1.005331985652446747e-02 8.800858855247497559e-01 8.675945281982421875e+01 2.184014953672885895e-02 9.997614026069641113e-01 3.599211922846734524e-04 -1.839846014976501465e+00 -8.798723220825195312e-01 1.939206011593341827e-02 -4.748142957687377930e-01 -2.633927917480468750e+01
-4.508179128170013428e-01 1.059843972325325012e-02 8.925529718399047852e-01 8.840537261962890625e+01 2.496485039591789246e-02 9.996880292892456055e-01 7.388452067971229553e-04 -1.869074940681457520e+00 -8.922668099403381348e-01 2.261552959680557251e-02 -4.509418010711669922e-01 -2.717758941650390625e+01
-4.268338978290557861e-01 2.386629953980445862e-02 9.040150046348571777e-01 9.005203247070312500e+01 2.785083092749118805e-02 9.995244145393371582e-01 -1.323791965842247009e-02 -1.917750000953674316e+00 -9.039011001586914062e-01 1.952717080712318420e-02 -4.272957146167755127e-01 -2.796252059936523438e+01
-4.025050997734069824e-01 2.517719939351081848e-02 9.150714278221130371e-01 9.172222137451171875e+01 2.639237046241760254e-02 9.995253086090087891e-01 -1.589187048375606537e-02 -1.977509021759033203e+00 -9.150372147560119629e-01 1.775434054434299469e-02 -4.029785096645355225e-01 -2.870200920104980469e+01
-3.805728852748870850e-01 2.196923084557056427e-02 9.244899153709411621e-01 9.340902709960937500e+01 2.221501991152763367e-02 9.996464252471923828e-01 -1.461025979369878769e-02 -2.046250104904174805e+00 -9.244840741157531738e-01 1.497729029506444931e-02 -3.809264004230499268e-01 -2.939508056640625000e+01
-3.683182895183563232e-01 3.118118084967136383e-02 9.291766881942749023e-01 9.509156036376953125e+01 1.232014037668704987e-02 9.995133280754089355e-01 -2.865792997181415558e-02 -2.119870901107788086e+00 -9.296181201934814453e-01 8.923470741137862206e-04 -3.685232996940612793e-01 -3.004217910766601562e+01
-3.610781133174896240e-01 3.266679868102073669e-02 9.319632053375244141e-01 9.678366851806640625e+01 7.428916171193122864e-03 9.994552731513977051e-01 -3.215426951646804810e-02 -2.209948062896728516e+00 -9.325060248374938965e-01 -4.686727188527584076e-03 -3.611240983009338379e-01 -3.068309974670410156e+01
-3.505397140979766846e-01 2.979465015232563019e-02 9.360737800598144531e-01 9.847825622558593750e+01 5.777883809059858322e-03 9.995436072349548340e-01 -2.965117059648036957e-02 -2.300638914108276367e+00 -9.365301132202148438e-01 -4.985386971384286880e-03 -3.505519032478332520e-01 -3.131096076965332031e+01
-3.394918143749237061e-01 2.250644005835056305e-02 9.403396844863891602e-01 1.001847991943359375e+02 3.820552024990320206e-03 9.997383952140808105e-01 -2.254877984523773193e-02 -2.394150972366333008e+00 -9.406012892723083496e-01 -4.062511026859283447e-03 -3.394890129566192627e-01 -3.191407966613769531e+01
-3.277148008346557617e-01 2.098730951547622681e-02 9.445436000823974609e-01 1.018912963867187500e+02 -1.177246961742639542e-02 9.995849132537841797e-01 -2.629484049975872040e-02 -2.479664087295532227e+00 -9.447034001350402832e-01 -1.973682083189487457e-02 -3.273316919803619385e-01 -3.246899032592773438e+01
-3.137758076190948486e-01 2.794270031154155731e-02 9.490857720375061035e-01 1.035885009765625000e+02 -7.876338437199592590e-03 9.994559288024902344e-01 -3.202966973185539246e-02 -2.567806959152221680e+00 -9.494644999504089355e-01 -1.752544939517974854e-02 -3.133850097656250000e-01 -3.302354812622070312e+01
-3.003027141094207764e-01 2.118722908198833466e-02 9.536085724830627441e-01 1.053065032958984375e+02 -9.618011303246021271e-03 9.996352195739746094e-01 -2.523867972195148468e-02 -2.657198905944824219e+00 -9.537954926490783691e-01 -1.675106026232242584e-02 -2.999894022941589355e-01 -3.355356979370117188e+01
-2.867608070373535156e-01 2.111857943236827850e-02 9.577693939208984375e-01 1.070286026000976562e+02 -1.249762997031211853e-02 9.995893836021423340e-01 -2.578256092965602875e-02 -2.745461940765380859e+00 -9.579206705093383789e-01 -1.936328038573265076e-02 -2.863790988922119141e-01 -3.405765151977539062e+01
-2.737320065498352051e-01 2.547349967062473297e-02 9.614685773849487305e-01 1.087522964477539062e+02 -1.377363968640565872e-02 9.994428753852844238e-01 -3.040098957717418671e-02 -2.835895061492919922e+00 -9.617074131965637207e-01 -2.156464941799640656e-02 -2.732285857200622559e-01 -3.453398895263671875e+01
-2.589283883571624756e-01 2.418283000588417053e-02 9.655936956405639648e-01 1.104869995117187500e+02 -1.125544961541891098e-02 9.995430707931518555e-01 -2.805129066109657288e-02 -2.928512096405029297e+00 -9.658309817314147949e-01 -1.813147030770778656e-02 -2.585378885269165039e-01 -3.499322891235351562e+01
-2.444175928831100464e-01 2.539489977061748505e-02 9.693375229835510254e-01 1.122222976684570312e+02 -5.921582225710153580e-03 9.995992183685302734e-01 -2.768082916736602783e-02 -3.017837047576904297e+00 -9.696519970893859863e-01 -1.250568963587284088e-02 -2.441692948341369629e-01 -3.543238830566406250e+01
-2.319982051849365234e-01 2.287073992192745209e-02 9.724472761154174805e-01 1.139689025878906250e+02 -1.557128969579935074e-02 9.995080828666687012e-01 -2.722205035388469696e-02 -3.106519937515258789e+00 -9.725915789604187012e-01 -2.145772054791450500e-02 -2.315278947353363037e-01 -3.582432174682617188e+01
-2.224436998367309570e-01 2.249694056808948517e-02 9.746859073638916016e-01 1.157146987915039062e+02 -1.189421955496072769e-02 9.995967149734497070e-01 -2.578642964363098145e-02 -3.193867921829223633e+00 -9.748730063438415527e-01 -1.732916012406349182e-02 -2.220865041017532349e-01 -3.621818923950195312e+01
-2.119259983301162720e-01 2.342173084616661072e-02 9.770050048828125000e-01 1.174624023437500000e+02 -5.456450860947370529e-03 9.996687769889831543e-01 -2.514863945543766022e-02 -3.279198884963989258e+00 -9.772704839706420898e-01 -1.066062971949577332e-02 -2.117280066013336182e-01 -3.660168838500976562e+01
-2.015797942876815796e-01 2.103207074105739594e-02 9.792463183403015137e-01 1.192100982666015625e+02 4.223693162202835083e-03 9.997788071632385254e-01 -2.060361951589584351e-02 -3.361857891082763672e+00 -9.794629812240600586e-01 -1.723812965792603791e-05 -2.016240060329437256e-01 -3.697483825683593750e+01
-1.937150955200195312e-01 2.500661090016365051e-02 9.807391166687011719e-01 1.209561004638671875e+02 1.453140052035450935e-03 9.996812939643859863e-01 -2.520257979631423950e-02 -3.438515901565551758e+00 -9.810568094253540039e-01 -3.456970909610390663e-03 -1.936897039413452148e-01 -3.731126022338867188e+01
-1.909599006175994873e-01 2.259667962789535522e-02 9.813377261161804199e-01 1.227039031982421875e+02 -1.834020949900150299e-03 9.997249841690063477e-01 -2.337696962058544159e-02 -3.521473884582519531e+00 -9.815961718559265137e-01 -6.263858173042535782e-03 -1.908659040927886963e-01 -3.763877868652343750e+01
-1.886931955814361572e-01 1.352981012314558029e-02 9.819428920745849609e-01 1.244524002075195312e+02 -7.890135748311877251e-04 9.999027252197265625e-01 -1.392889954149723053e-02 -3.596100091934204102e+00 -9.820358157157897949e-01 -3.403055015951395035e-03 -1.886640936136245728e-01 -3.797626876831054688e+01
-1.864555031061172485e-01 1.582892052829265594e-02 9.823359251022338867e-01 1.261781005859375000e+02 -7.433189894072711468e-04 9.998676180839538574e-01 -1.625251956284046173e-02 -3.664261102676391602e+00 -9.824631810188293457e-01 -3.760562045499682426e-03 -1.864190995693206787e-01 -3.830593872070312500e+01
-1.865559071302413940e-01 1.904349960386753082e-02 9.822596907615661621e-01 1.278916015625000000e+02 -3.457152051851153374e-03 9.997931718826293945e-01 -2.004004083573818207e-02 -3.731607913970947266e+00 -9.824383258819580078e-01 -7.134410087019205093e-03 -1.864514946937561035e-01 -3.862937927246093750e+01
-1.854940950870513916e-01 1.781189069151878357e-02 9.824839234352111816e-01 1.296018981933593750e+02 -2.315256046131253242e-03 9.998250007629394531e-01 -1.856339909136295319e-02 -3.812510967254638672e+00 -9.826427102088928223e-01 -5.718104075640439987e-03 -1.854203939437866211e-01 -3.895463180541992188e+01
-1.847209930419921875e-01 2.266165055334568024e-02 9.825296998023986816e-01 1.312944030761718750e+02 -1.027674041688442230e-02 9.996349215507507324e-01 -2.498826943337917328e-02 -3.890191078186035156e+00 -9.827373027801513672e-01 -1.471304986625909805e-02 -1.844207048416137695e-01 -3.925481033325195312e+01
-1.840457022190093994e-01 2.731459960341453552e-02 9.825381040573120117e-01 1.329698028564453125e+02 -1.452943962067365646e-02 9.994289875030517578e-01 -3.050578013062477112e-02 -3.974606990814208984e+00 -9.828103184700012207e-01 -1.989017985761165619e-02 -1.835436969995498657e-01 -3.954592895507812500e+01
-1.819559037685394287e-01 2.942864038050174713e-02 9.828662276268005371e-01 1.346230926513671875e+02 -1.360384002327919006e-02 9.993810057640075684e-01 -3.244157880544662476e-02 -4.063364028930664062e+00 -9.832125902175903320e-01 -1.927369087934494019e-02 -1.814430058002471924e-01 -3.984431076049804688e+01
-1.765192002058029175e-01 2.590210922062397003e-02 9.839562773704528809e-01 1.362673034667968750e+02 -3.216046025045216084e-05 9.996535181999206543e-01 -2.632110938429832458e-02 -4.146973133087158203e+00 -9.842972159385681152e-01 -4.677825141698122025e-03 -1.764571964740753174e-01 -4.015282058715820312e+01
-1.709156930446624756e-01 1.984713040292263031e-02 9.850857257843017578e-01 1.379022979736328125e+02 4.990894813090562820e-03 9.998016953468322754e-01 -1.927768997848033905e-02 -4.226371765136718750e+00 -9.852730035781860352e-01 1.621596980839967728e-03 -1.709809005260467529e-01 -4.043780136108398438e+01
-1.595131009817123413e-01 2.741187997162342072e-02 9.868150949478149414e-01 1.395059967041015625e+02 7.560578174889087677e-03 9.996190071105957031e-01 -2.654542960226535797e-02 -4.303913116455078125e+00 -9.871668815612792969e-01 3.226546104997396469e-03 -1.596595942974090576e-01 -4.069614028930664062e+01
-1.414670944213867188e-01 2.471474930644035339e-02 9.896343946456909180e-01 1.411082000732421875e+02 9.549967944622039795e-03 9.996758103370666504e-01 -2.360038086771965027e-02 -4.377901077270507812e+00 -9.898968935012817383e-01 6.112296134233474731e-03 -1.416572928428649902e-01 -4.091860961914062500e+01
-1.158116981387138367e-01 2.562887035310268402e-02 9.929404854774475098e-01 1.426963958740234375e+02 1.816665008664131165e-02 9.995545148849487305e-01 -2.368072979152202606e-02 -4.456347942352294922e+00 -9.931051135063171387e-01 1.529589015990495682e-02 -1.162256971001625061e-01 -4.110992813110351562e+01
-8.754946291446685791e-02 2.669749036431312561e-02 9.958022832870483398e-01 1.442760009765625000e+02 1.966064982116222382e-02 9.994924068450927734e-01 -2.506789937615394592e-02 -4.527880191802978516e+00 -9.959661960601806641e-01 1.738343015313148499e-02 -8.802991360425949097e-02 -4.124845123291015625e+01
-6.007383018732070923e-02 3.396391123533248901e-02 9.976158738136291504e-01 1.458273925781250000e+02 1.817544922232627869e-02 9.992924928665161133e-01 -3.292651847004890442e-02 -4.612402915954589844e+00 -9.980285167694091797e-01 1.615408994257450104e-02 -6.064863875508308411e-02 -4.134484100341796875e+01
-3.365131095051765442e-02 5.194574967026710510e-02 9.980828166007995605e-01 1.473502044677734375e+02 7.775330916047096252e-03 9.986317157745361328e-01 -5.171218886971473694e-02 -4.704613208770751953e+00 -9.994034171104431152e-01 6.020237226039171219e-03 -3.400916978716850281e-02 -4.138182067871093750e+01
-8.163869380950927734e-03 4.952903091907501221e-02 9.987393021583557129e-01 1.488863983154296875e+02 3.500341903418302536e-03 9.987679123878479004e-01 -4.950185120105743408e-02 -4.810016155242919922e+00 -9.999606013298034668e-01 3.091800026595592499e-03 -8.327181451022624969e-03 -4.138452148437500000e+01
1.192389987409114838e-02 5.225099995732307434e-02 9.985628128051757812e-01 1.503945007324218750e+02 -4.532445222139358521e-03 9.986262917518615723e-01 -5.220020934939384460e-02 -4.922570228576660156e+00 -9.999186992645263672e-01 -3.903501899912953377e-03 1.214434020221233368e-02 -4.133784866333007812e+01
2.218974009156227112e-02 6.436397880315780640e-02 9.976797103881835938e-01 1.518836059570312500e+02 -1.067848037928342819e-02 9.978837966918945312e-01 -6.413965672254562378e-02 -5.025971889495849609e+00 -9.996967911720275879e-01 -9.230458177626132965e-03 2.283008024096488953e-02 -4.127170944213867188e+01
2.045747078955173492e-02 5.497074127197265625e-02 9.982783794403076172e-01 1.533945007324218750e+02 -1.520046964287757874e-02 9.983890056610107422e-01 -5.466534942388534546e-02 -5.150084018707275391e+00 -9.996752142906188965e-01 -1.405598036944866180e-02 2.126009017229080200e-02 -4.121664810180664062e+01
1.481686998158693314e-02 5.255731940269470215e-02 9.985079765319824219e-01 1.548963012695312500e+02 -1.108380965888500214e-02 9.985648989677429199e-01 -5.239586159586906433e-02 -5.253941059112548828e+00 -9.998288154602050781e-01 -1.029093004763126373e-02 1.537813991308212280e-02 -4.117198944091796875e+01
6.389337126165628433e-03 5.045508965849876404e-02 9.987059235572814941e-01 1.563925933837890625e+02 -1.101255975663661957e-02 9.986692070960998535e-01 -5.038280040025711060e-02 -5.366278171539306641e+00 -9.999189972877502441e-01 -1.067638956010341644e-02 6.936471909284591675e-03 -4.113867187500000000e+01
-4.773199092596769333e-03 4.970055073499679565e-02 9.987527132034301758e-01 1.578856964111328125e+02 -1.210912968963384628e-02 9.986879825592041016e-01 -4.975520819425582886e-02 -5.470892906188964844e+00 -9.999153017997741699e-01 -1.233152020722627640e-02 -4.165107849985361099e-03 -4.112224960327148438e+01
-1.593766920268535614e-02 4.683018103241920471e-02 9.987757205963134766e-01 1.593643035888671875e+02 -1.069639995694160461e-02 9.988374114036560059e-01 -4.700377956032752991e-02 -5.577823162078857422e+00 -9.998158216476440430e-01 -1.143244002014398575e-02 -1.541822962462902069e-02 -4.112303924560546875e+01
-2.558249048888683319e-02 4.989856109023094177e-02 9.984266161918640137e-01 1.608215026855468750e+02 -1.305592991411685944e-02 9.986516237258911133e-01 -5.024434998631477356e-02 -5.683304786682128906e+00 -9.995874762535095215e-01 -1.432077027857303619e-02 -2.489653043448925018e-02 -4.113307952880859375e+01
-2.992572076618671417e-02 5.385779961943626404e-02 9.981001019477844238e-01 1.622559051513671875e+02 -1.048767007887363434e-02 9.984753727912902832e-01 -5.419250950217247009e-02 -5.787285804748535156e+00 -9.994971156120300293e-01 -1.208948995918035507e-02 -2.931524999439716339e-02 -4.115909957885742188e+01
-2.561126090586185455e-02 4.858595132827758789e-02 9.984905719757080078e-01 1.636911010742187500e+02 -4.532311111688613892e-03 9.988023042678833008e-01 -4.871737957000732422e-02 -5.895410060882568359e+00 -9.996616840362548828e-01 -5.773184821009635925e-03 -2.536039054393768311e-02 -4.118458175659179688e+01
-7.418424822390079498e-03 4.895510151982307434e-02 9.987733960151672363e-01 1.650989074707031250e+02 -6.486811907961964607e-04 9.988003969192504883e-01 -4.896125942468643188e-02 -6.001597881317138672e+00 -9.999722838401794434e-01 -1.011103042401373386e-03 -7.377772126346826553e-03 -4.118391036987304688e+01
2.243953011929988861e-02 4.734927043318748474e-02 9.986262917518615723e-01 1.664857940673828125e+02 1.627254998311400414e-03 9.988747835159301758e-01 -4.739762842655181885e-02 -6.093237876892089844e+00 -9.997469186782836914e-01 2.688597887754440308e-03 2.233722992241382599e-02 -4.113991165161132812e+01
5.491856113076210022e-02 3.570844978094100952e-02 9.978520870208740234e-01 1.678529968261718750e+02 -4.640811122953891754e-03 9.993585944175720215e-01 -3.550696000456809998e-02 -6.181673049926757812e+00 -9.984800815582275391e-01 -2.680853940546512604e-03 5.504906177520751953e-02 -4.103667831420898438e+01
8.957988768815994263e-02 2.108529023826122284e-02 9.957563877105712891e-01 1.692001037597656250e+02 -5.085527896881103516e-03 9.997724890708923340e-01 -2.071283943951129913e-02 -6.257877826690673828e+00 -9.959666728973388672e-01 -3.208494978025555611e-03 8.966673910617828369e-02 -4.090153884887695312e+01
1.247290000319480896e-01 1.224565040320158005e-02 9.921153187751770020e-01 1.705106048583984375e+02 -8.080796338617801666e-03 9.999032020568847656e-01 -1.132586039602756500e-02 -6.321698188781738281e+00 -9.921579957008361816e-01 -6.604419089853763580e-03 1.248159036040306091e-01 -4.071802139282226562e+01
1.603229939937591553e-01 1.051114965230226517e-02 9.870085716247558594e-01 1.717857055664062500e+02 -7.327815983444452286e-03 9.999284148216247559e-01 -9.458461776375770569e-03 -6.364809036254882812e+00 -9.870374202728271484e-01 -5.716208834201097488e-03 1.603886038064956665e-01 -4.049871826171875000e+01
1.909880042076110840e-01 6.265987176448106766e-03 9.815723896026611328e-01 1.730350036621093750e+02 -1.417263969779014587e-02 9.998930096626281738e-01 -3.625323995947837830e-03 -6.398487091064453125e+00 -9.814900755882263184e-01 -1.321906968951225281e-02 1.910562962293624878e-01 -4.023437118530273438e+01
2.143716961145401001e-01 1.172231044620275497e-03 9.767513871192932129e-01 1.742720031738281250e+02 -8.049951866269111633e-03 9.999673962593078613e-01 5.666596116498112679e-04 -6.429852008819580078e+00 -9.767190217971801758e-01 -7.984278723597526550e-03 2.143740952014923096e-01 -3.996162033081054688e+01
2.330915033817291260e-01 1.127706002444028854e-02 9.723894000053405762e-01 1.754660949707031250e+02 -1.734421961009502411e-02 9.998219013214111328e-01 -7.437628228217363358e-03 -6.462029933929443359e+00 -9.723001122474670410e-01 -1.513168029487133026e-02 2.332455962896347046e-01 -3.964344024658203125e+01
2.507407963275909424e-01 2.761382982134819031e-02 9.676603078842163086e-01 1.766443023681640625e+02 -1.156987994909286499e-02 9.996070861816406250e-01 -2.552749961614608765e-02 -6.491510868072509766e+00 -9.679852128028869629e-01 -4.794929176568984985e-03 2.509618103504180908e-01 -3.933728027343750000e+01
2.633123099803924561e-01 1.927849091589450836e-02 9.645180106163024902e-01 1.778408966064453125e+02 -1.299897022545337677e-02 9.997804164886474609e-01 -1.643460988998413086e-02 -6.523425102233886719e+00 -9.646230936050415039e-01 -8.210305124521255493e-03 2.635051012039184570e-01 -3.899819183349609375e+01
2.697649002075195312e-01 -2.181279996875673532e-04 9.629262089729309082e-01 1.790511932373046875e+02 -1.869834028184413910e-02 9.998102188110351562e-01 5.464843008667230606e-03 -6.563672065734863281e+00 -9.627447128295898438e-01 -1.947934925556182861e-02 2.697095870971679688e-01 -3.863782119750976562e+01
2.721594870090484619e-01 1.350027974694967270e-03 9.622511863708496094e-01 1.802453002929687500e+02 -1.118571963161230087e-02 9.999359250068664551e-01 1.760825049132108688e-03 -6.587493896484375000e+00 -9.621871709823608398e-01 -1.124269980937242508e-02 2.721571028232574463e-01 -3.829850006103515625e+01
2.755044102668762207e-01 -5.198350991122424603e-04 9.612997174263000488e-01 1.814416961669921875e+02 -9.752904064953327179e-03 9.999467730522155762e-01 3.335871966555714607e-03 -6.592494964599609375e+00 -9.612504243850708008e-01 -1.029451005160808563e-02 2.754847109317779541e-01 -3.795386886596679688e+01
2.812820076942443848e-01 -9.933838620781898499e-03 9.595736861228942871e-01 1.826544952392578125e+02 -9.451389312744140625e-03 9.998692274093627930e-01 1.312149967998266220e-02 -6.610135078430175781e+00 -9.595785737037658691e-01 -1.276015024632215500e-02 2.811512947082519531e-01 -3.758509063720703125e+01
2.915849983692169189e-01 -1.483619958162307739e-02 9.564298987388610840e-01 1.838831024169921875e+02 -6.154847797006368637e-03 9.998298883438110352e-01 1.738584041595458984e-02 -6.622539043426513672e+00 -9.565252065658569336e-01 -1.095612999051809311e-02 2.914440035820007324e-01 -3.719586944580078125e+01
3.090409040451049805e-01 -2.005231007933616638e-02 9.508373141288757324e-01 1.851118011474609375e+02 -1.794039970263838768e-03 9.997636079788208008e-01 2.166721969842910767e-02 -6.625315189361572266e+00 -9.510471224784851074e-01 -8.401896804571151733e-03 3.089317977428436279e-01 -3.678728866577148438e+01
3.316650986671447754e-01 -1.467498019337654114e-02 9.432830214500427246e-01 1.863264007568359375e+02 -4.382710903882980347e-03 9.998441934585571289e-01 1.709591969847679138e-02 -6.629117965698242188e+00 -9.433869719505310059e-01 -9.804256260395050049e-03 3.315491974353790283e-01 -3.633625030517578125e+01
